902
659 77
29 829
14 5
178 409
640 714
795 499
57 18
475 136
467 309
710 803
152 130
657 705
258 641
104 93
138 300
527 487
121 134
61 36
178 310
272 60
747 359
131 130
673 362
666 228
114 431
692 544
595 376
107 674
221 262
768 75
15 114
454 236
37 3
580 217
118 786
581 19
755 780
217 664
243 256
529 37
3 16
46 17
888 435
111 57
608 532
436 213
27 311
726 433
286 836
110 215
777 272
451 520
8 850
53 351
60 417
37 174
524 873
767 826
223 358
22 93
24 392
221 153
43 34
770 431
717 123
38 774
18 14
476 151
779 776
290 593
15 280
83 426
67 400
338 154
723 65
4 8
30 181
27 536
118 79
628 412
503 687
529 632
132 155
476 586
772 105
824 416
17 1
302 111
640 333
511 620
724 340
346 487
237 410
99 491
27 241
117 528
729 613
296 387
689 364
125 189
164 480
216 466
122 118
416 183
134 746
552 847
299 131
68 377
499 106
113 360
87 69
719 701
672 607
77 44
412 743
530 137
732 83
623 349
859 731
402 33
9 2
540 416
532 359
435 355
89 489
405 771
569 431
1 15
194 806
710 391
399 492
29 49
135 99
613 617
140 85
78 638
297 121
423 307
191 124
100 4
170 345
296 282
642 52
267 217
767 461
13 9
453 388
897 774
342 541
421 765
277 278
197 745
823 527
333 682
287 242
84 128
9 21
879 85
372 564
627 690
172 200
721 417
501 4
38 10
589 586
250 585
315 214
74 650
361 622
891 291
11 485
248 372
193 482
188 264
71 30
217 41
532 691
44 125
815 457
855 601
2 11
440 410
187 42
20 151
326 19
637 102
82 70
299 744
205 175
28 463
11 180
20 511
26 19
328 277
210 306
104 141
191 381
167 612
543 668
399 600
518 538
609 725
374 789
78 137
151 176
63 249
579 105
179 374
233 534
48 55
606 645
399 109
48 517
242 576
60 116
45 94
562 235
757 773
424 602
47 35
546 155
496 479
46 403
10 339
902 104
700 386
10 133
25 261
334 874
125 146
58 479
578 386
340 201
192 223
449 25
357 351
540 545
237 427
722 899
52 361
330 610
112 124
432 429
292 238
448 106
533 238
156 210
234 2
607 297
849 82
597 860
473 145
370 19
585 825
138 182
591 263
755 219
355 457
148 52
760 77
672 901
10 240
211 171
807 586
245 78
665 168
509 123
224 422
150 117
53 500
443 245
428 362
362 805
2 1
419 282
505 409
174 763
32 289
153 587
415 315
793 133
24 99
123 43
314 404
463 657
712 412
97 636
721 822
472 556
464 337
337 169
203 66
64 53
711 174
6 356
141 343
142 30
549 175
38 662
146 456
161 842
694 288
629 452
558 409
213 478
101 8
444 863
99 237
304 686
30 76
376 317
37 112
322 388
470 146
202 474
752 838
318 369
45 333
12 7
127 201
16 85
271 244
145 276
95 54
236 401
27 132
163 99
881 174
588 648
78 33
469 201
81 455
321 121
814 93
32 4
160 24
190 185
858 753
239 211
64 318
218 359
458 148
851 512
46 59
29 395
321 406
224 684
332 144
97 329
568 387
147 161
482 561
427 703
601 759
13 25
266 147
44 84
32 652
4 7
14 19
550 421
145 171
6 31
46 145
603 355
193 248
125 167
92 542
56 273
367 277
72 89
396 325
47 243
73 898
1 10
262 494
285 17
754 250
156 36
227 121
102 165
83 790
90 265
656 472
598 134
390 460
56 81
127 15
70 192
176 322
15 40
531 728
441 213
713 326
50 52
513 565
196 12
2 362
8 30
382 481
869 26
73 49
784 813
844 389
41 801
244 92
872 93
366 841
70 58
848 121
513 140
27 397
91 373
284 68
769 345
555 469
53 48
164 658
1 29
54 46
4 5
614 553
9 198
148 389
267 451
173 320
444 619
234 418
301 383
233 122
688 326
539 31
867 294
871 26
361 442
502 553
375 433
461 522
631 305
76 335
632 735
213 126
788 640
113 900
616 791
305 195
354 71
896 606
187 894
74 18
126 655
334 156
330 275
276 868
91 253
247 138
680 563
817 523
323 14
172 336
820 882
60 9
762 165
537 317
40 195
170 835
525 453
137 611
388 740
488 36
404 845
177 412
589 699
259 42
120 2
625 509
521 752
298 161
230 669
175 61
462 742
421 651
17 33
194 127
327 437
60 563
301 36
495 781
23 17
3 42
408 395
295 317
861 446
121 118
82 105
818 544
18 35
400 519
240 785
355 421
30 809
26 51
41 44
543 572
55 363
521 238
405 248
278 846
704 67
543 775
580 708
36 158
630 32
548 132
748 33
15 877
510 390
233 834
384 173
65 393
16 621
634 550
535 138
633 731
29 50
559 552
693 501
424 854
381 430
890 543
161 188
70 88
172 226
88 90
348 271
275 219
116 129
130 618
1 3
169 178
352 163
275 663
231 737
81 110
665 830
887 674
764 124
109 74
22 11
48 46
605 407
566 560
810 475
79 53
112 588
72 4
421 633
9 56
34 14
752 756
398 107
407 313
400 797
243 394
124 179
895 783
378 237
93 840
796 79
184 114
551 125
326 649
327 471
66 224
157 309
29 281
128 294
53 230
522 599
207 161
27 117
104 331
257 207
601 660
325 270
438 47
107 54
432 892
736 316
696 165
344 61
639 875
439 124
95 627
163 364
865 611
839 256
819 119
647 625
805 880
5 97
170 208
169 238
19 75
73 172
497 407
757 500
126 78
524 250
798 223
516 106
154 118
446 28
96 82
312 165
6 1
212 55
598 853
678 462
30 596
445 50
411 126
222 761
660 778
165 254
199 349
570 334
472 552
139 159
378 502
291 258
229 122
555 597
322 465
203 429
616 290
506 399
87 452
295 209
316 166
38 242
794 585
41 67
286 187
192 251
681 337
92 6
730 542
144 199
750 1
567 182
61 347
286 290
219 20
73 575
671 192
36 80
70 106
592 381
307 230
604 490
324 512
507 283
45 375
231 11
8 20
411 424
503 9
800 279
434 424
313 62
263 70
154 232
165 718
153 177
48 58
594 159
274 758
457 615
28 6
706 379
144 46
36 62
862 244
380 198
702 495
97 288
19 24
544 315
320 776
39 41
168 165
554 120
468 305
683 225
547 90
125 885
258 209
606 472
812 99
281 444
172 228
396 577
416 734
78 91
831 194
6 170
33 741
573 490
368 149
69 13
196 784
407 727
109 303
366 142
624 525
63 2
124 753
709 652
14 149
716 55
415 679
695 429
677 310
661 86
304 154
868 876
53 147
297 484
181 255
477 51
358 382
209 57
35 185
111 268
220 197
837 812
84 508
15 341
878 11
590 61
87 707
668 701
235 110
38 139
313 462
857 207
274 59
644 327
698 591
108 39
115 38
697 615
585 739
283 202
483 335
490 79
148 504
654 392
33 86
5 39
730 828
365 128
64 66
782 562
250 243
141 214
294 543
770 820
461 354
628 821
425 248
342 171
52 626
98 30
350 105
833 299
119 16
94 166
675 653
515 222
165 816
737 804
83 164
3 246
113 30
732 799
89 883
36 582
18 371
174 222
486 315
197 43
884 348
45 15
65 130
386 57
64 613
151 218
324 751
523 42
670 282
432 864
314 302
526 485
810 886
324 653
450 715
138 90
33 36
583 344
214 531
355 345
127 635
667 441
232 766
546 787
19 557
97 162
274 308
353 271
870 486
792 777
