3660.83582236
3773.91988236
3887.00394236
3988.05162236
4151.11495236
4264.19901236
4427.26234236
4541.30527236
4598.32673236
4726.42169236
4797.45880236
4912.48574236
5040.54432236
5226.62363236
5354.68221236
5411.70367236
5510.77208236
5639.81467236
5754.84161236
5853.91002236
5966.99408236
6054.02611236
6141.05814236
6244.06733236
6375.10782236
6432.12928236
6588.23039236
6751.29372236
6864.37778236
7027.44111236
7124.49387236
7225.54155236
7340.56849236
7427.60052236
7484.62198236
7613.66457236
7712.73298236
7840.82794236
7953.91200236
8052.98041236
8166.06447236
8267.11215236
8453.19146236
8616.25479236
8730.29772236
8833.30691236
9019.38622236
9175.48733236
9288.57139236
9345.59285236
9459.63578236
9572.71984236
9709.77875236
9872.84208236
9987.86902236
10115.9639824
10230.9909224
10417.0702324
10474.0916924
10630.1928024
10777.2612124
10874.3139724
11011.3728824
11139.4314624
11270.4719524
11407.5308624
11520.6149224
11657.6738324
11786.7164224
11885.7848324
11956.8219424
12057.8696224
12160.8788124
12217.9002724
12331.9432024
12460.0381624
12623.1014924
12737.1444224
12866.1870124
12967.2346924
13104.2936024
13260.3947124