1000 9898
690 855
323 130
552 908
167 13
267 635
397 520
36 882
471 763
609 990
156 337
322 73
704 555
910 513
664 356
522 846
372 915
47 937
398 61
682 136
904 130
189 136
264 33
201 625
584 618
490 921
933 793
950 873
274 390
938 929
333 937
264 176
1000 762
783 315
749 600
703 496
173 549
965 537
892 559
93 462
614 816
481 404
745 935
669 593
861 969
143 958
865 270
828 246
520 191
922 895
260 634
979 258
581 474
885 40
909 83
468 261
399 901
867 473
889 113
620 135
698 585
805 787
644 663
153 212
795 261
926 569
28 748
582 79
162 666
568 905
183 48
610 284
28 771
448 922
489 78
396 686
668 482
664 998
883 282
556 332
926 362
289 871
419 93
628 78
798 869
513 48
865 977
62 122
834 588
135 369
998 475
33 491
785 964
988 709
458 840
332 865
314 500
977 92
272 301
139 357
533 287
354 536
816 813
431 652
502 838
423 792
393 302
468 758
142 115
34 584
905 975
754 251
536 954
921 940
322 335
218 396
238 828
356 562
875 482
456 495
1 783
537 877
700 655
259 467
947 30
179 136
297 309
316 119
514 868
982 548
288 528
240 825
477 36
524 643
942 406
283 279
396 14
288 655
787 679
629 418
187 371
216 282
432 378
527 681
141 350
624 238
774 718
368 372
797 871
249 799
858 887
148 509
645 879
390 342
961 650
127 747
148 364
594 236
315 501
462 68
923 754
525 666
768 689
570 750
214 517
337 238
449 980
447 353
379 535
361 224
252 546
572 586
846 25
673 997
30 42
252 142
396 944
402 693
55 749
851 626
730 865
837 587
971 585
368 994
241 372
719 555
777 784
800 607
512 67
398 296
551 802
493 150
648 515
332 20
372 674
560 383
635 917
702 642
858 124
152 705
708 990
842 628
288 1
986 216
475 597
403 304
613 626
761 728
305 424
783 93
259 273
833 212
62 166
946 461
133 663
325 528
95 166
330 547
729 20
782 14
753 942
493 619
369 587
944 837
148 949
698 106
741 365
239 996
576 784
740 515
245 107
373 38
730 411
202 414
791 42
539 53
91 53
273 441
793 642
419 280
615 887
28 677
858 984
348 906
757 482
775 647
779 704
344 737
219 927
631 809
120 72
192 469
250 727
125 457
36 334
367 380
996 588
673 679
529 571
328 651
328 900
370 259
426 497
413 789
819 782
622 80
214 483
543 376
506 545
591 419
370 229
150 687
342 391
91 133
113 845
258 772
986 410
556 856
958 220
320 720
964 565
473 502
311 914
502 632
795 545
479 200
744 87
30 706
658 283
165 377
296 488
602 460
973 611
812 935
27 249
763 51
522 30
860 955
830 839
374 67
446 588
844 359
114 900
922 745
245 222
246 137
433 492
179 192
978 576
31 964
896 883
288 600
143 970
383 497
370 784
207 135
670 985
163 293
71 596
364 482
610 390
795 302
741 880
98 722
631 572
27 722
193 718
984 751
141 358
602 429
310 295
348 110
222 595
280 758
233 314
675 303
676 124
992 185
367 291
314 925
595 4
353 881
107 686
110 515
954 237
457 947
478 795
555 547
148 139
251 552
983 219
859 937
498 451
500 533
693 290
533 393
312 259
111 125
938 475
721 985
851 554
618 355
394 361
462 770
57 49
223 484
316 714
545 452
600 921
788 168
111 339
994 581
541 52
6 293
686 843
268 820
267 715
952 433
303 318
169 969
497 500
576 457
166 46
152 936
493 920
853 224
265 335
303 131
41 303
472 133
36 526
893 710
238 940
464 537
526 169
117 604
605 688
911 881
825 496
994 393
298 400
464 936
639 497
624 918
787 940
19 534
5 535
781 182
998 803
397 173
476 362
585 48
26 169
705 277
615 814
852 108
301 418
508 682
236 761
632 826
166 724
637 579
14 95
196 287
503 909
348 114
993 131
477 274
922 129
250 573
254 124
993 252
666 138
799 106
656 492
175 844
242 687
993 877
121 538
505 955
125 98
381 216
498 404
813 203
449 632
250 993
234 426
701 346
419 628
243 152
355 626
172 868
524 401
671 322
323 208
106 699
418 292
977 83
371 764
156 400
907 360
217 742
697 172
976 149
975 873
320 745
356 255
359 776
584 346
52 208
414 987
934 274
540 701
977 893
137 118
790 957
764 609
338 916
643 717
795 902
118 371
636 244
138 763
878 297
919 505
839 70
877 143
400 285
239 906
810 344
210 636
670 740
178 158
435 309
364 245
40 195
316 112
246 241
981 258
992 549
205 776
776 294
120 736
743 264
123 983
311 188
848 571
395 833
433 22
172 373
944 742
11 817
283 564
177 9
940 882
98 525
962 982
559 744
410 433
656 441
231 811
325 290
351 999
224 987
158 834
965 338
346 418
128 785
718 186
793 225
208 463
850 18
23 684
998 154
146 909
223 649
802 75
371 954
134 214
263 274
180 732
552 551
223 542
281 599
769 314
845 111
186 732
927 601
734 825
189 636
951 659
103 902
677 647
324 945
695 578
990 598
706 185
119 108
891 255
714 668
734 603
664 180
107 352
848 202
161 741
90 261
869 573
411 125
359 611
968 910
990 771
321 366
577 174
709 953
212 391
140 484
964 918
659 625
183 518
451 127
500 442
451 854
947 125
840 878
680 832
295 985
829 97
79 838
45 690
429 787
250 272
287 373
515 942
992 961
666 270
995 726
871 379
601 371
552 169
92 354
253 913
419 99
684 557
758 858
248 15
410 354
598 755
897 796
20 741
607 611
594 830
41 582
73 373
2 811
910 369
409 859
46 672
414 452
590 861
572 760
497 562
224 854
741 287
633 510
955 337
594 499
924 640
48 403
396 382
371 775
575 79
603 496
642 524
190 291
579 123
198 839
915 157
73 770
3 420
310 593
647 690
725 574
670 209
708 940
394 596
414 531
441 663
939 240
743 942
840 87
593 373
818 594
946 543
450 846
549 706
215 562
535 531
460 443
482 448
138 691
863 119
991 66
593 535
445 442
283 3
786 406
218 756
574 329
540 169
634 188
282 841
523 957
468 124
896 965
477 608
607 131
856 29
825 342
662 879
384 226
946 50
585 882
468 338
785 368
457 199
704 64
282 410
433 94
261 548
89 908
248 43
508 613
144 294
684 672
477 446
405 65
723 58
528 188
124 565
196 474
80 448
751 392
914 841
527 163
383 564
42 992
188 550
979 789
854 899
28 991
383 901
884 158
963 265
765 173
713 466
828 997
990 779
45 397
824 560
452 401
224 592
542 222
781 958
11 402
431 517
177 622
548 587
904 978
626 855
406 845
725 609
318 393
636 412
817 606
323 277
634 935
817 205
971 893
764 56
912 977
983 286
237 88
440 134
4 783
762 585
686 955
783 103
215 609
933 950
223 42
425 231
1000 365
711 257
625 64
794 746
576 524
39 644
133 335
981 11
506 109
400 306
255 362
632 999
875 393
639 496
431 159
605 544
951 980
455 741
779 831
64 254
762 13
322 698
92 516
532 857
481 27
529 53
127 2
588 528
738 229
346 851
799 422
838 72
253 1000
951 363
771 129
12 43
758 44
348 115
828 325
644 931
762 449
230 107
175 734
823 194
37 729
997 731
102 49
710 688
380 691
975 517
516 649
404 163
503 707
46 728
358 286
766 107
424 833
490 302
443 508
525 598
215 80
552 588
112 963
337 930
176 352
215 961
381 313
684 200
15 350
595 619
686 757
877 722
247 292
80 234
198 542
768 305
365 7
78 660
320 392
356 478
18 195
327 79
61 895
796 502
249 391
400 399
18 82
825 418
577 193
304 875
175 88
13 845
964 947
514 722
416 889
719 288
844 345
520 127
576 210
364 605
620 432
431 179
697 585
956 978
204 591
61 178
120 626
590 279
126 392
535 430
60 14
761 239
504 128
50 52
747 91
35 344
827 980
990 352
849 892
261 902
499 647
303 585
943 810
310 560
652 168
391 148
782 543
236 621
511 421
24 645
956 278
427 576
154 776
466 230
880 600
755 660
509 53
680 479
591 171
499 195
872 615
390 118
824 650
879 364
661 25
419 386
968 592
370 364
189 808
160 530
472 740
413 638
292 739
690 906
363 906
470 162
825 913
916 56
494 36
591 638
941 539
836 375
765 439
574 647
744 238
816 715
640 441
18 261
562 838
962 44
764 96
469 76
513 734
610 602
916 653
220 786
479 103
372 981
835 471
363 470
554 117
332 331
484 542
895 572
550 201
164 412
950 855
679 303
989 225
761 568
51 2
289 725
293 193
4 372
44 841
356 495
691 466
609 848
714 849
843 191
19 593
936 984
47 423
268 400
804 290
952 533
476 339
477 6
350 300
723 850
276 643
781 78
620 186
261 715
303 779
662 819
761 116
83 96
89 951
382 236
292 252
856 357
840 500
824 985
328 168
69 664
889 777
466 202
590 819
721 576
847 128
408 239
193 948
695 76
560 209
916 254
388 567
595 825
788 432
55 755
849 198
43 139
873 200
94 206
846 789
538 586
647 284
831 195
816 792
138 892
376 735
407 961
733 765
186 608
119 194
109 424
939 243
777 236
961 351
262 612
247 62
513 570
844 44
57 870
758 704
227 50
800 970
378 170
161 640
237 405
113 143
518 708
494 690
914 233
356 613
782 121
90 582
680 543
936 305
402 381
387 211
852 773
929 534
502 138
45 516
152 106
565 703
364 318
102 462
766 545
895 135
130 437
849 811
316 424
465 546
541 673
339 121
477 155
336 785
524 980
909 782
435 699
934 675
59 231
758 935
127 732
129 405
278 822
851 240
50 945
487 708
590 783
632 1
872 528
615 200
989 435
996 497
23 727
420 30
376 942
820 647
569 641
346 266
168 858
363 965
803 200
314 479
707 156
55 514
85 528
209 284
983 424
894 605
697 7
971 480
722 212
117 784
189 419
817 686
786 823
324 906
973 291
706 254
123 16
860 891
21 807
705 830
29 508
146 184
645 146
919 471
339 729
726 967
945 637
269 190
531 215
682 425
170 884
706 307
951 983
627 815
118 934
805 62
772 762
652 423
909 80
123 973
454 311
516 310
884 648
667 162
266 585
158 571
766 684
557 217
988 382
884 831
131 865
188 886
177 769
807 38
638 490
629 122
188 997
234 103
714 301
352 230
968 464
896 413
254 205
920 248
220 421
93 849
811 522
633 452
906 874
101 358
907 63
485 7
710 704
902 502
620 725
750 732
256 26
20 99
332 781
449 751
589 243
674 858
113 121
398 339
83 228
403 59
5 147
669 172
542 74
709 120
80 142
346 947
920 894
959 167
13 537
664 348
803 907
21 970
151 911
777 36
482 290
869 694
63 323
946 597
433 878
394 764
948 59
181 660
44 300
847 823
756 792
190 834
230 799
835 395
322 330
86 275
753 54
536 556
673 851
486 580
606 341
454 230
494 679
260 827
337 273
264 318
503 559
771 433
648 388
226 240
779 874
134 935
140 288
757 233
45 733
999 156
625 431
496 741
582 31
583 498
490 463
838 610
990 496
594 969
427 560
978 296
656 44
175 524
866 661
266 847
638 145
470 743
676 950
680 486
992 99
277 77
31 466
324 104
751 451
953 632
914 910
266 238
889 590
674 290
196 162
807 450
738 701
440 560
645 864
317 49
693 503
550 508
392 486
979 554
375 845
341 973
837 584
676 586
471 350
399 237
402 707
259 854
274 299
760 699
746 498
786 605
642 729
440 97
919 859
170 182
298 899
800 705
782 465
342 88
990 596
203 770
901 461
649 444
355 991
939 295
578 509
356 499
303 212
180 129
38 688
316 833
670 384
523 693
734 379
832 495
248 742
688 835
910 198
628 777
957 57
979 481
729 138
71 335
832 141
136 660
909 7
197 501
89 660
382 819
257 928
900 734
20 109
211 169
770 254
678 479
149 739
496 513
830 746
27 715
68 501
527 654
101 587
945 221
448 979
913 639
220 79
183 117
410 403
545 624
965 163
470 515
586 808
783 982
662 141
495 180
393 636
121 615
396 625
954 71
161 783
346 159
488 845
106 260
324 467
453 753
917 162
12 662
860 300
94 856
954 921
829 795
824 389
807 196
919 782
125 790
46 194
475 660
812 749
4 424
925 10
820 224
512 209
752 758
346 875
240 474
403 480
887 216
568 232
296 491
584 626
127 468
131 315
95 10
537 561
117 718
338 749
299 625
304 933
282 115
714 995
250 195
809 94
4 504
695 543
509 455
36 937
348 840
74 247
476 167
374 547
912 127
508 752
384 440
537 358
295 690
536 225
45 967
215 507
641 704
948 964
879 592
475 278
385 2
495 859
763 975
323 842
250 758
608 908
236 965
883 258
759 879
171 654
153 399
782 559
968 4
162 455
366 863
737 345
637 593
206 900
279 840
263 199
977 662
910 774
837 750
807 394
384 996
816 39
870 366
466 608
622 289
161 246
294 426
298 825
998 386
251 60
99 687
854 333
217 824
695 535
128 263
882 58
212 517
801 32
506 294
976 458
906 568
687 532
545 59
801 145
19 204
38 24
170 416
781 791
626 281
826 695
939 508
100 944
64 736
964 857
772 20
645 290
294 848
939 525
659 405
1000 525
675 803
838 285
986 544
515 714
311 439
97 783
829 54
762 11
959 727
669 898
490 310
16 373
993 309
500 355
891 594
822 976
344 783
291 395
951 756
115 588
850 489
376 416
528 365
802 644
909 160
876 277
933 298
313 557
926 573
818 154
789 491
365 937
462 253
799 198
270 944
567 170
515 279
767 803
509 47
239 378
591 209
884 77
703 523
281 350
86 539
582 508
576 619
372 392
889 546
873 101
357 92
249 568
828 907
869 241
465 235
394 185
471 437
113 697
122 697
263 457
213 146
263 606
806 460
689 303
243 552
484 774
930 424
181 866
455 135
517 152
901 121
351 54
655 266
411 997
216 331
324 894
308 411
703 306
752 284
715 224
199 19
647 811
706 485
339 756
545 801
87 702
58 852
847 596
382 356
260 804
135 696
796 150
339 869
451 895
50 465
843 149
202 23
536 715
359 431
344 206
550 284
74 45
348 668
311 264
974 403
836 761
28 558
486 822
912 153
516 246
168 185
885 84
652 219
672 761
647 588
555 928
222 927
760 290
906 602
139 377
219 91
899 323
793 964
334 484
616 981
301 165
383 633
594 232
478 839
318 952
599 537
950 173
589 547
336 663
559 971
410 606
983 815
403 183
916 228
82 310
267 840
566 108
501 869
530 693
103 733
531 628
215 999
785 932
232 921
445 638
492 528
545 728
875 177
517 986
670 248
162 956
734 975
237 141
807 1
648 918
173 933
527 390
911 126
200 738
19 151
829 720
227 24
409 234
284 113
502 332
34 616
364 935
551 397
511 848
847 319
406 708
630 235
71 40
678 16
938 869
647 783
984 219
549 781
553 330
692 358
605 614
967 387
862 375
155 147
947 239
514 470
821 714
115 663
655 299
540 358
942 438
377 144
322 787
269 824
219 757
735 645
315 198
435 673
339 189
469 489
785 427
805 952
607 620
667 907
724 840
603 521
567 146
35 37
917 640
681 635
719 983
444 759
563 635
413 864
968 489
162 416
483 740
564 827
644 605
585 352
651 750
418 137
722 187
6 128
300 357
323 28
695 364
717 500
25 906
51 646
492 524
403 5
385 530
43 26
389 58
380 185
843 563
860 627
823 633
403 114
405 704
907 514
782 434
812 637
797 207
545 30
48 978
968 643
661 608
900 232
612 210
207 734
958 34
796 393
709 888
85 190
45 14
142 47
697 308
332 361
995 59
887 505
544 449
377 368
810 140
957 235
830 843
62 465
164 257
790 565
203 365
259 47
322 597
587 195
649 996
373 6
73 218
491 199
856 645
866 514
839 958
298 320
76 641
830 647
634 268
325 453
128 527
590 627
992 206
629 23
645 786
680 595
852 298
609 75
225 322
334 476
872 899
852 916
653 408
955 144
337 153
983 870
107 563
533 179
358 704
458 974
989 546
724 689
211 990
272 810
169 642
208 605
243 305
267 993
161 102
234 596
646 652
264 889
103 890
654 76
694 827
808 886
555 227
99 319
228 409
601 929
857 463
531 906
694 682
373 565
688 607
545 58
53 323
413 231
976 346
695 983
290 774
114 706
891 902
423 503
70 793
109 829
868 446
190 646
563 168
122 56
450 627
680 652
827 751
735 942
701 10
424 74
297 220
71 380
892 667
948 613
239 848
257 704
849 900
614 644
300 564
743 480
658 130
643 62
960 170
153 535
69 130
399 817
127 924
594 995
44 448
596 117
282 509
72 777
879 518
183 15
576 489
261 833
488 601
819 575
850 155
465 447
798 395
309 710
736 94
590 873
93 687
101 356
599 741
980 601
964 38
747 446
334 540
143 896
188 692
543 482
926 510
655 548
949 775
200 282
845 246
326 751
774 178
426 324
370 48
251 697
162 202
751 252
95 632
42 372
884 403
228 95
746 412
858 242
935 90
973 227
703 974
958 858
238 131
132 276
902 816
371 542
63 508
801 195
440 165
959 822
839 284
618 306
448 367
835 397
341 476
880 290
203 471
520 403
531 738
961 39
50 382
748 873
726 609
863 72
438 900
302 344
340 11
70 916
37 213
28 440
400 913
503 734
297 452
614 672
524 696
266 664
130 38
515 967
455 1000
187 374
714 109
758 822
205 614
705 442
559 263
605 197
349 263
467 167
118 588
432 93
801 17
385 73
439 826
260 642
863 744
501 588
275 147
250 815
93 691
243 90
478 983
686 344
10 217
798 374
604 33
641 41
517 662
21 455
613 317
10 168
907 426
105 238
752 927
34 50
20 1
21 296
553 571
677 929
396 828
419 741
152 296
229 774
285 20
434 678
579 16
873 615
203 772
989 957
917 331
778 716
839 371
739 807
337 591
856 713
990 884
493 836
539 460
189 203
120 63
86 317
651 771
970 448
392 36
476 665
244 749
946 631
43 522
280 869
555 856
489 142
87 818
18 855
511 6
494 816
472 270
182 585
364 356
992 965
574 435
371 611
357 765
800 476
434 886
832 941
466 423
239 622
990 466
277 141
478 518
651 432
28 721
470 662
897 784
275 932
3 501
228 588
917 462
760 29
188 542
211 743
339 410
812 171
633 386
872 582
182 544
275 755
6 129
392 565
270 570
275 352
494 84
846 233
59 521
189 698
975 527
579 494
119 441
68 873
640 122
971 616
323 957
603 101
363 760
255 830
76 163
423 846
725 570
502 717
397 623
952 410
756 956
575 88
964 577
877 928
99 480
467 365
929 815
235 736
861 684
298 278
711 54
853 184
588 955
626 322
420 773
98 171
174 748
710 482
252 928
127 308
878 596
432 867
848 615
923 87
248 627
134 978
601 433
179 199
408 739
140 234
344 821
848 645
832 26
779 517
502 474
197 120
552 137
775 593
813 286
5 865
335 238
266 547
33 788
766 262
550 519
889 185
546 746
313 11
254 69
20 645
332 801
163 151
680 267
21 29
831 556
23 611
174 501
231 764
380 24
474 339
970 636
699 150
663 563
428 460
712 11
340 852
180 737
57 346
384 998
206 821
466 606
56 926
698 469
536 488
830 36
977 106
685 697
439 657
717 104
848 473
422 332
6 399
156 312
484 925
216 595
432 560
471 753
699 594
904 426
890 543
95 842
257 921
425 346
208 870
845 596
545 57
530 303
661 643
21 804
960 624
139 949
13 980
678 440
973 514
192 793
430 263
602 348
566 691
146 198
75 244
772 22
938 826
773 652
633 691
101 973
430 481
322 694
487 208
35 467
19 650
519 893
909 77
982 909
163 375
758 228
46 32
163 452
606 952
110 869
400 769
862 721
315 854
634 656
36 316
15 50
646 573
581 265
889 966
873 329
968 467
769 134
388 724
794 371
371 933
244 349
73 34
402 587
366 232
827 342
295 148
958 556
850 845
364 118
829 833
150 872
427 181
530 892
806 337
470 245
588 424
842 904
402 877
790 842
938 331
425 404
660 88
65 941
735 607
531 824
734 977
237 167
220 923
539 709
613 988
733 20
247 114
963 805
303 332
285 849
234 875
532 342
511 553
440 997
114 261
317 352
320 396
375 430
123 858
750 142
271 275
130 901
682 86
900 161
521 44
105 879
969 898
322 210
38 405
222 438
813 785
812 868
411 5
430 291
970 316
936 356
309 195
597 123
474 739
736 242
820 381
353 135
536 900
249 86
58 948
539 47
120 741
504 132
306 134
642 300
330 256
774 817
131 817
267 305
589 878
201 53
933 792
960 98
620 880
694 491
76 790
3 408
233 245
306 635
538 958
571 58
555 721
311 986
564 801
379 557
840 9
509 930
718 46
428 328
86 660
893 28
414 143
751 162
257 336
206 877
154 712
33 393
403 235
59 605
650 104
462 522
856 829
103 812
803 586
493 144
424 937
55 549
685 530
134 280
797 120
138 983
565 972
712 432
436 16
130 839
816 606
657 606
325 760
175 873
273 853
346 773
41 305
39 362
523 601
156 6
324 860
200 834
94 334
900 133
579 990
69 628
291 646
459 844
460 483
217 306
400 382
572 508
689 696
959 664
653 861
287 483
516 235
476 440
849 946
313 880
278 226
279 159
374 283
781 249
452 689
865 328
921 462
540 352
818 126
601 374
110 924
536 423
774 797
924 761
322 896
750 863
238 877
576 466
7 420
615 83
67 713
227 702
295 971
811 882
920 479
701 614
769 460
871 826
582 427
159 142
769 206
361 624
558 398
123 625
888 194
215 167
950 62
399 300
117 104
114 137
119 440
217 689
52 375
988 651
593 61
774 10
604 987
454 726
61 315
39 40
578 314
650 159
815 812
933 524
551 77
593 479
856 567
125 730
823 550
431 567
848 171
960 533
84 405
198 501
809 784
886 774
1000 645
472 94
326 329
535 671
576 596
710 483
415 525
865 394
576 963
154 281
47 470
468 121
841 481
880 73
199 763
784 783
762 267
509 452
681 409
97 194
762 212
751 960
495 902
870 854
945 365
141 352
519 591
461 643
462 228
118 538
624 455
215 500
605 12
988 180
571 132
718 469
3 464
331 975
814 1000
817 4
874 63
822 311
642 436
304 32
196 86
343 385
153 190
202 963
285 836
315 672
229 490
836 6
17 750
706 978
509 874
516 944
245 848
659 628
343 231
932 896
458 863
498 76
190 366
56 782
591 562
722 447
959 62
82 542
46 893
308 108
365 241
450 987
8 352
954 525
423 962
963 117
289 506
610 542
924 212
122 868
164 577
79 630
939 497
208 645
430 260
315 437
899 799
994 387
44 894
80 591
243 909
709 636
714 770
365 610
593 903
957 126
358 501
716 256
360 980
795 508
304 561
781 1
710 233
966 7
54 589
435 34
120 825
687 171
657 396
378 210
248 880
541 818
196 261
325 423
382 40
111 618
138 268
535 212
295 595
116 476
392 946
10 449
380 601
841 985
288 951
935 899
654 764
59 116
206 197
98 978
944 478
319 430
638 200
609 454
771 563
101 354
618 28
466 801
656 369
128 186
592 639
441 165
405 834
207 201
183 268
271 809
9 506
335 694
564 620
466 579
751 601
826 163
793 474
958 956
940 351
430 634
803 508
380 140
556 263
561 999
194 200
892 23
394 390
755 281
243 557
857 297
930 423
968 590
695 741
368 298
518 559
600 707
502 933
798 758
363 481
382 956
346 721
477 633
313 520
199 386
640 623
735 238
611 468
373 809
155 106
545 899
490 631
165 29
773 862
957 17
729 178
809 10
683 609
888 525
500 467
892 697
621 989
400 49
644 860
115 700
277 405
316 509
675 574
235 247
272 123
861 855
258 34
810 759
444 281
174 118
124 805
451 559
782 625
520 928
797 864
407 756
926 540
249 800
233 363
106 251
894 144
1 381
185 520
102 71
297 301
896 462
515 372
667 593
447 281
474 665
515 389
534 419
257 437
996 550
873 437
675 203
716 933
759 961
245 662
945 881
506 921
17 882
73 526
992 308
544 909
232 233
364 96
659 428
971 590
402 831
703 927
850 705
155 925
981 537
357 351
711 640
717 47
220 969
152 345
869 500
543 631
13 680
545 749
622 148
55 825
846 988
27 500
320 634
648 872
740 502
647 618
83 973
970 114
660 663
476 740
313 548
537 557
939 424
105 842
209 691
94 222
352 937
79 558
620 258
714 971
201 660
183 540
38 257
923 77
227 328
715 495
143 590
791 946
988 405
355 492
396 90
126 425
790 270
692 539
811 14
334 293
906 637
267 701
301 117
676 71
845 632
466 395
64 743
780 229
582 101
78 612
606 659
185 917
828 761
196 115
396 621
551 699
917 61
811 598
793 199
759 820
379 928
300 465
428 158
548 383
916 251
115 498
119 522
615 385
708 101
447 19
712 96
640 205
896 103
727 754
522 225
209 742
911 305
968 857
954 788
773 304
901 267
333 377
404 850
721 144
388 225
100 43
359 846
695 700
94 521
699 697
722 762
156 244
489 869
878 393
807 951
96 961
943 343
217 115
588 38
123 361
986 985
145 143
109 854
244 707
781 561
277 409
772 195
244 626
740 607
27 28
778 892
303 955
87 976
951 639
734 117
408 741
933 886
784 768
141 189
499 69
849 814
942 465
945 275
874 395
175 482
14 548
932 239
993 15
150 36
44 479
871 229
689 790
955 982
512 777
179 532
533 621
435 702
426 811
840 277
988 181
279 769
422 823
701 536
940 816
581 34
71 989
715 932
811 549
439 892
816 253
266 146
799 12
582 404
471 79
680 412
38 541
314 134
298 515
633 412
279 836
525 556
488 173
263 970
567 401
901 589
484 185
513 93
58 215
275 382
8 515
791 296
561 873
603 466
159 528
206 929
20 170
501 715
318 435
293 3
209 793
664 509
205 481
319 815
583 530
307 815
237 82
19 99
185 335
518 379
384 44
881 71
661 641
791 566
406 528
207 556
703 363
389 991
528 933
531 218
471 823
443 650
706 268
838 273
87 775
75 839
882 589
5 528
373 118
636 572
784 733
477 984
938 602
79 772
979 266
81 44
292 83
663 60
850 485
118 837
515 125
883 599
296 805
631 537
745 602
68 457
162 658
842 272
338 51
909 958
309 594
129 500
976 689
918 180
225 355
695 371
894 139
799 83
499 589
567 215
262 187
486 293
641 450
293 863
662 312
152 49
906 998
673 977
211 526
233 970
152 497
439 614
99 529
501 909
213 21
301 513
281 531
345 433
309 22
423 50
336 92
544 977
512 127
56 811
178 39
685 556
488 310
221 800
590 347
596 796
282 676
778 353
483 253
247 76
801 192
358 815
949 504
643 677
881 402
481 524
388 72
852 757
245 482
795 701
228 110
147 803
596 754
834 187
817 943
235 682
127 488
240 196
477 745
522 588
688 860
94 114
740 640
155 26
239 768
674 189
426 108
338 467
355 499
639 355
273 324
476 325
956 95
169 379
957 498
448 814
639 240
607 403
779 591
858 972
474 697
664 701
222 951
500 97
253 887
14 911
954 330
554 640
439 134
542 717
690 320
429 492
747 369
36 338
97 324
444 751
780 849
638 229
36 146
436 559
275 619
334 604
578 784
426 517
176 36
485 38
267 255
569 595
197 626
327 967
310 179
385 360
102 242
246 829
742 150
245 870
343 57
788 410
129 867
58 187
65 621
552 957
313 111
155 924
372 654
156 499
449 383
916 437
955 665
958 808
655 840
214 40
414 574
539 589
703 124
942 796
48 554
225 261
326 975
588 172
832 875
347 614
331 93
180 802
839 509
677 482
470 352
772 458
576 731
183 582
249 421
895 570
553 317
632 950
305 548
689 201
506 175
900 421
658 747
838 345
262 796
127 226
489 99
516 356
692 549
822 924
643 123
61 434
158 628
276 455
280 738
323 769
77 461
974 869
461 878
335 821
345 813
931 18
783 989
314 112
335 986
346 385
722 36
707 904
140 619
64 590
972 604
868 669
882 305
433 545
114 135
723 352
797 312
803 667
937 685
186 763
565 957
875 467
290 685
897 499
627 364
405 716
161 440
724 564
799 784
843 789
826 557
39 264
389 873
82 350
599 304
602 468
521 687
130 587
252 943
900 123
854 512
596 554
958 628
606 391
886 241
238 523
978 790
506 195
783 351
861 587
72 472
352 549
313 801
452 118
869 828
504 992
875 307
1 760
667 47
526 358
324 268
453 122
336 888
112 387
170 815
465 693
118 745
926 970
528 405
889 190
287 5
326 565
55 105
516 525
167 627
168 403
337 268
444 544
618 151
690 264
215 359
806 910
272 497
382 492
756 57
493 316
619 871
500 895
819 965
326 727
132 760
634 972
642 969
135 991
119 489
232 147
531 579
437 108
204 297
815 891
637 221
547 813
34 1000
471 285
39 121
351 315
996 172
523 308
873 831
289 158
698 306
402 919
4 871
481 886
587 726
124 972
186 761
304 469
108 706
937 308
939 871
920 518
192 749
310 523
731 708
805 373
199 42
829 367
412 273
926 213
416 852
857 223
532 514
826 803
922 674
243 911
984 151
160 361
967 438
671 727
792 798
903 846
984 6
658 827
145 404
700 450
889 399
935 978
504 875
965 802
353 90
173 335
410 131
110 858
145 694
755 611
183 922
560 595
226 443
853 526
583 405
325 421
653 847
949 418
426 780
120 25
227 863
102 89
366 546
132 958
540 478
583 445
818 505
747 293
142 791
343 310
181 407
469 877
884 74
775 997
814 885
820 754
638 89
965 503
826 79
499 157
392 609
68 910
682 654
793 303
868 853
464 147
199 249
656 529
750 337
823 671
264 650
873 138
394 309
897 394
739 593
85 431
124 139
345 338
937 630
789 765
901 467
226 727
243 559
377 609
599 154
181 877
184 63
863 257
167 270
498 931
545 218
123 50
289 388
574 95
469 19
855 594
751 557
240 197
725 66
364 847
657 802
705 810
252 628
435 140
553 337
184 396
57 642
222 68
888 928
799 732
431 184
995 853
544 235
468 179
987 965
456 667
771 452
754 692
353 245
771 902
925 851
141 196
953 966
212 747
805 549
550 755
112 459
408 508
616 843
289 648
675 286
180 864
452 909
344 526
483 423
277 230
280 822
832 867
617 755
779 300
887 775
102 69
35 12
59 914
421 775
361 94
55 454
975 273
671 8
158 981
940 937
699 211
349 598
377 255
337 118
125 143
471 487
897 244
6 40
798 20
341 983
512 429
471 340
445 633
85 466
927 577
949 57
988 593
937 705
249 269
756 565
781 848
530 592
640 432
809 543
334 246
817 744
713 815
74 551
754 133
682 166
791 520
373 745
781 562
764 494
971 140
240 146
973 630
688 746
657 893
160 435
622 871
271 481
311 724
921 768
313 667
155 953
260 886
285 709
532 570
45 537
706 373
179 128
491 65
2 332
809 100
938 722
444 217
891 672
175 347
912 363
456 695
183 600
168 11
687 252
545 659
89 527
552 145
291 199
64 475
326 10
49 393
378 567
515 180
754 954
745 529
118 573
397 809
828 200
917 345
386 275
153 4
941 35
218 481
934 948
976 634
885 454
944 408
249 540
693 563
270 796
384 111
910 812
505 891
400 216
340 402
703 735
817 328
897 208
807 365
555 476
313 25
150 676
815 870
803 666
384 828
137 468
526 670
836 338
584 267
109 272
863 699
406 808
189 408
664 889
513 642
60 683
437 393
189 265
657 575
199 176
513 980
644 323
727 939
385 928
26 742
587 267
143 281
810 230
669 801
212 316
32 170
363 312
60 881
327 157
899 804
98 167
886 180
528 376
579 588
360 671
361 815
344 27
914 219
257 740
499 953
61 130
766 985
588 661
511 38
46 50
921 574
799 549
72 564
770 813
616 741
675 760
583 291
127 999
59 143
336 776
151 343
818 240
286 426
857 622
144 399
932 120
735 629
59 252
644 643
417 661
876 461
895 371
82 70
818 466
158 883
1 212
720 716
703 541
542 917
374 849
582 394
750 600
141 720
751 257
755 962
607 877
354 953
268 981
823 773
594 463
812 26
560 67
135 263
263 338
124 386
507 266
418 281
55 231
664 33
459 495
295 125
9 300
157 124
748 702
416 169
203 883
510 845
265 404
892 125
512 179
18 324
534 107
652 907
544 260
483 80
514 932
786 833
806 132
94 378
27 303
321 14
658 391
326 281
627 534
445 101
1 825
536 582
97 912
424 416
156 879
765 813
52 680
805 86
532 754
771 346
902 638
79 657
779 839
728 157
670 768
805 39
843 380
552 342
250 336
112 337
832 641
444 368
862 567
709 300
233 483
607 397
80 910
301 42
233 396
314 983
277 193
875 741
233 285
714 340
254 101
310 395
704 322
832 695
377 353
284 786
656 485
107 645
55 509
917 2
777 480
208 476
741 718
228 919
689 99
2 737
837 315
968 38
183 345
828 530
794 750
278 484
360 438
983 246
215 104
6 793
133 431
589 999
324 672
676 605
993 695
78 339
502 70
802 407
949 36
336 368
937 740
98 883
243 385
265 39
346 954
703 90
66 13
765 653
56 11
844 28
61 774
78 668
636 158
798 757
468 760
434 440
826 738
868 377
461 13
735 235
293 68
246 813
448 403
175 96
322 500
749 443
662 594
757 976
919 353
633 738
954 2
840 772
437 854
889 313
118 901
670 892
231 158
583 197
52 563
71 497
131 932
922 857
960 28
430 112
896 820
269 782
418 584
917 610
594 561
245 447
136 989
546 844
784 985
412 826
570 911
244 249
687 313
283 527
913 660
953 679
37 532
884 905
413 997
90 658
608 987
662 248
651 361
907 195
448 748
125 428
628 5
546 496
603 705
385 366
997 985
135 318
285 268
910 960
987 601
368 909
510 600
607 970
591 465
115 392
333 449
405 980
523 145
555 256
945 527
582 783
811 43
802 112
116 661
724 481
377 915
431 682
323 469
397 582
310 765
728 126
88 713
566 418
753 604
8 394
7 708
122 808
708 599
985 494
454 795
938 988
276 667
26 562
320 283
48 778
71 38
53 567
311 727
772 91
259 424
635 491
781 275
602 272
416 669
793 680
607 1
735 92
991 486
574 346
209 938
670 713
106 518
899 233
791 975
516 498
481 490
40 459
984 511
343 964
18 739
390 639
670 211
945 500
206 504
984 596
478 632
210 775
230 457
620 193
518 495
156 335
168 940
552 65
706 822
581 186
304 218
379 894
768 585
179 682
680 133
422 782
64 762
893 873
452 856
591 230
684 324
889 898
286 248
968 495
332 622
558 324
923 857
529 706
125 33
490 112
295 203
464 205
260 445
107 875
57 434
898 520
350 745
741 504
337 994
588 413
327 715
702 493
849 79
906 158
800 629
746 465
25 397
380 183
481 872
209 441
696 821
569 41
493 1
4 796
545 16
877 923
489 874
146 61
420 556
115 541
117 550
635 169
53 410
660 694
330 817
347 757
616 298
229 582
378 37
220 56
39 616
260 875
710 487
566 859
676 945
112 72
165 978
682 332
792 772
903 868
84 230
213 966
966 140
936 463
404 749
847 699
867 345
191 915
710 129
14 696
678 355
348 834
847 296
336 890
407 859
653 95
156 601
714 95
499 327
121 185
512 780
179 537
827 133
75 664
723 84
247 870
655 399
348 148
290 152
823 102
220 473
663 729
578 807
874 74
491 662
220 328
996 505
673 970
51 970
501 536
162 49
271 721
680 25
528 920
707 247
494 117
501 807
925 197
717 541
656 582
949 207
238 126
540 572
595 571
688 375
228 48
861 338
494 343
721 241
960 855
333 747
975 780
430 667
247 101
915 49
972 6
424 756
742 664
302 757
964 674
695 818
43 683
852 579
230 875
125 60
473 250
915 271
499 886
207 553
777 274
83 631
389 988
672 40
467 404
303 122
235 848
511 999
222 110
541 458
299 995
265 599
930 835
880 26
308 595
558 631
691 456
749 760
160 534
1 730
697 933
292 463
747 554
44 664
306 86
670 912
658 840
697 790
200 311
758 479
511 315
940 753
44 446
379 841
174 804
93 903
496 991
439 203
46 263
368 573
992 95
326 812
747 740
867 817
617 678
524 214
48 231
249 618
37 849
78 7
957 768
851 261
340 774
15 530
308 962
257 478
276 110
3 750
99 901
599 848
581 805
309 482
147 507
862 790
168 830
617 81
428 496
216 790
582 657
867 373
770 68
996 243
630 872
243 384
119 237
602 249
332 122
80 227
337 724
29 182
323 393
514 408
19 128
781 962
739 817
833 340
450 796
460 357
747 840
905 240
122 132
551 375
866 263
812 865
853 123
423 298
431 213
307 91
644 58
648 61
62 403
841 216
259 1000
454 353
717 685
699 860
630 246
273 526
484 904
775 638
32 945
452 602
201 990
112 239
24 833
813 703
580 726
657 467
253 530
552 183
182 534
737 877
956 201
391 382
254 420
866 826
797 892
323 465
269 751
733 10
951 503
220 99
549 349
315 401
922 235
656 435
585 19
514 49
105 611
560 303
188 624
982 847
543 174
323 779
250 809
931 200
971 919
805 751
78 99
831 611
278 609
651 249
944 77
102 933
506 818
915 572
292 645
719 798
281 428
927 813
493 361
866 972
461 139
102 647
927 946
949 150
716 647
648 703
977 181
48 719
525 851
488 390
308 177
683 487
904 408
868 937
319 640
643 885
744 102
783 49
142 939
579 820
378 159
565 233
948 231
894 895
806 205
535 513
937 370
792 523
441 611
960 701
338 769
786 25
127 393
884 314
535 630
386 651
739 11
476 518
960 347
796 241
601 95
451 832
657 157
224 454
278 231
444 219
846 660
880 177
607 294
50 209
3 221
595 279
558 137
384 468
365 985
221 515
831 848
14 878
720 851
231 833
380 669
664 954
883 302
873 260
266 250
106 509
492 982
881 780
101 166
999 366
859 838
774 237
134 76
82 277
785 1000
4 616
333 484
336 392
638 881
531 665
918 703
651 848
545 309
599 126
488 482
108 571
963 851
782 437
858 39
829 614
367 539
669 29
322 232
754 167
812 523
799 995
377 648
813 939
947 788
347 25
743 646
778 518
429 570
913 245
127 429
697 686
826 778
156 894
946 375
127 306
259 20
93 59
226 193
731 776
400 238
843 338
628 996
472 443
847 698
403 789
191 415
482 806
672 346
783 638
188 244
192 255
724 149
406 188
362 50
490 15
607 568
348 755
561 336
126 610
419 150
295 571
284 672
318 1000
831 191
528 182
153 971
380 673
626 649
864 126
343 360
10 836
707 984
728 541
993 293
822 443
881 989
989 394
150 612
499 130
314 478
251 549
12 637
676 724
806 879
755 117
556 130
774 201
119 490
468 734
792 24
167 944
650 90
356 127
29 911
357 284
108 904
270 395
806 585
263 626
503 105
34 854
843 724
203 885
864 553
460 156
890 537
302 651
587 715
751 820
437 700
830 445
522 882
852 733
911 932
493 885
114 362
958 449
869 746
946 11
40 948
131 287
65 7
505 200
506 115
695 979
425 911
543 688
65 432
640 934
402 489
169 498
154 326
144 176
472 349
715 427
821 736
248 371
600 200
927 359
412 976
63 432
1 507
789 386
170 782
961 521
490 99
404 855
701 711
245 763
413 543
613 908
918 840
741 635
824 777
693 974
988 4
276 504
370 495
802 349
381 105
525 763
875 634
508 353
950 72
293 859
718 212
522 323
561 175
287 681
471 476
552 566
185 179
992 301
833 751
997 52
375 864
985 980
34 920
295 99
551 818
592 801
47 627
104 91
165 452
989 850
255 589
243 734
208 824
462 893
765 636
87 592
398 229
492 128
94 340
131 490
15 137
928 48
92 122
540 965
743 772
942 593
430 293
531 250
109 794
376 184
669 664
269 42
847 359
843 141
510 226
562 367
601 499
754 691
386 121
835 428
865 151
296 886
207 64
537 425
448 849
233 477
729 448
123 849
966 503
434 732
19 906
704 130
983 592
589 761
736 275
148 385
934 736
969 179
383 609
259 360
615 186
211 720
970 559
112 827
210 360
464 104
980 644
195 196
196 171
311 319
695 147
381 992
202 772
932 654
452 332
716 561
837 321
539 1000
96 510
157 177
603 481
197 656
950 374
399 244
989 660
494 50
354 577
284 308
31 723
824 353
664 394
919 850
334 224
122 596
765 318
570 828
424 574
764 122
527 398
324 971
43 606
78 766
856 720
583 871
125 673
89 80
977 641
959 561
27 40
360 669
491 437
628 786
624 969
877 505
809 105
258 225
120 664
961 806
67 883
344 800
217 470
257 959
84 212
596 214
210 889
66 757
359 88
287 271
325 88
953 999
239 518
96 920
687 366
376 480
88 468
253 934
35 18
2 28
361 285
90 709
839 752
872 943
784 229
185 920
607 741
405 163
305 343
643 172
953 419
92 185
974 11
707 908
690 578
585 360
788 459
383 891
354 771
581 764
964 244
146 631
608 182
238 497
989 583
423 97
924 522
483 458
48 285
525 997
272 853
699 990
96 521
704 840
232 89
932 840
234 794
419 996
759 484
92 699
329 643
386 586
38 987
243 665
48 857
276 804
429 569
456 748
346 517
38 471
829 440
939 681
635 358
230 574
69 372
992 521
900 276
918 791
249 16
590 354
965 842
303 823
126 462
110 979
349 90
348 860
758 147
465 536
156 603
568 523
589 863
535 89
407 714
908 109
947 497
989 118
538 222
975 7
634 647
157 644
729 681
548 43
72 868
457 814
167 623
847 249
650 519
564 961
401 995
438 6
132 853
8 859
171 761
671 60
528 198
661 851
914 975
846 50
8 810
484 215
31 290
110 361
241 462
628 238
59 701
815 918
210 451
618 452
836 403
923 272
488 33
622 388
439 654
99 585
650 91
835 93
998 443
390 663
323 369
52 337
327 681
254 667
848 464
904 450
777 852
794 986
897 782
394 492
677 755
273 757
533 383
312 109
384 650
806 296
556 711
490 954
943 628
571 374
279 52
701 463
316 915
13 973
105 884
911 980
236 154
273 928
554 51
592 130
331 246
114 762
978 871
207 555
557 956
796 20
122 209
13 862
325 988
103 278
455 36
445 467
724 856
51 68
14 376
22 839
350 432
134 523
1000 901
554 996
538 481
944 904
843 462
944 615
432 331
770 384
182 443
555 959
883 602
760 271
667 813
979 111
905 880
896 585
535 210
629 243
432 425
748 330
185 615
116 73
784 301
163 184
625 965
152 188
565 573
323 958
140 600
824 761
570 485
664 866
149 230
985 938
158 12
402 578
95 185
941 667
703 596
103 688
293 956
209 229
542 33
411 545
12 832
270 356
493 165
76 147
733 295
447 362
52 164
919 702
830 463
540 404
790 841
596 648
423 924
805 490
320 387
997 503
302 535
873 569
104 758
829 286
616 213
378 232
587 468
40 913
966 858
259 458
78 957
864 412
139 807
857 126
820 374
697 741
786 821
772 241
814 396
528 533
835 659
815 34
943 217
377 18
383 928
112 105
404 679
44 638
117 80
430 119
53 916
93 199
116 280
417 645
584 88
880 885
791 251
508 561
969 33
92 432
771 887
918 250
900 913
462 38
779 288
182 699
823 683
70 475
71 822
55 733
208 364
103 353
620 525
676 783
471 157
537 71
957 802
376 897
860 211
310 180
225 620
324 368
306 807
954 907
901 640
963 60
959 414
962 494
176 263
677 937
693 916
147 134
534 630
386 916
975 928
694 840
734 805
510 825
209 338
835 162
195 259
677 651
276 954
595 670
562 893
890 606
998 685
303 361
70 556
716 502
240 424
759 432
869 720
561 743
601 786
48 958
363 451
826 645
222 266
66 782
647 774
544 45
156 803
147 544
904 933
326 6
224 472
813 528
135 548
562 272
836 695
32 991
126 467
821 721
952 544
334 700
689 915
942 447
306 165
74 217
832 933
620 828
639 96
589 779
343 5
116 483
882 32
638 296
106 217
839 755
917 357
757 358
888 491
733 491
185 927
258 725
776 778
686 269
358 322
72 39
399 388
833 948
261 419
723 264
49 459
313 60
591 257
488 198
548 500
487 776
21 340
447 597
650 420
216 720
53 35
436 989
241 259
602 806
216 639
677 734
270 348
825 43
256 506
555 254
208 995
411 646
322 119
985 301
531 889
825 148
459 178
579 849
252 363
717 815
411 995
474 574
599 463
985 463
442 850
649 160
378 32
114 550
9 722
598 252
720 799
204 571
725 247
782 870
606 170
148 774
248 490
140 226
235 36
453 101
473 607
40 22
448 875
925 791
692 518
841 196
121 190
999 47
213 662
144 387
22 484
297 683
559 711
76 853
183 83
646 585
352 213
206 240
120 113
232 619
619 361
250 764
519 362
673 606
943 698
305 370
141 716
200 152
988 977
129 140
157 342
379 490
489 382
73 639
794 569
710 728
928 763
148 244
432 970
987 24
991 80
733 564
668 757
906 46
302 943
984 253
788 206
833 547
341 320
483 374
733 726
426 26
489 954
38 135
55 895
60 587
706 245
725 343
322 202
235 567
293 794
403 375
721 400
852 590
563 405
526 779
618 808
469 250
677 421
734 686
130 552
136 489
856 312
231 400
94 152
61 49
647 846
654 238
109 965
293 142
919 206
596 297
944 826
251 447
106 605
53 782
19 658
905 179
27 879
766 584
468 267
53 959
277 491
280 513
541 666
999 194
379 989
935 858
758 879
508 558
328 156
20 562
93 900
809 467
149 914
573 1
989 202
314 66
921 90
188 623
651 321
214 747
54 382
492 905
223 779
261 618
102 956
68 100
380 22
953 474
368 450
741 347
896 722
357 66
231 617
125 230
915 914
929 235
772 777
662 429
902 124
764 771
531 610
90 254
806 536
219 414
739 711
81 401
424 178
781 982
450 198
622 272
159 754
643 909
592 803
720 232
906 341
564 393
506 721
638 542
768 158
934 271
612 358
995 271
172 526
428 672
329 713
716 467
939 308
142 125
56 510
901 240
351 73
150 70
691 292
468 875
436 457
505 332
606 320
803 908
955 629
228 801
336 651
623 723
559 333
773 744
170 575
579 665
676 485
809 156
173 285
583 601
499 362
97 3
230 289
555 229
89 935
457 944
993 73
443 104
542 676
133 837
604 357
35 162
594 847
776 640
45 933
804 246
543 171
185 703
202 947
685 70
267 245
94 984
242 855
502 771
868 743
847 117
907 421
780 941
711 859
986 374
234 499
16 578
43 155
543 350
376 608
488 122
362 607
347 289
21 672
295 1
635 562
621 763
414 913
290 643
406 769
152 672
315 828
273 700
774 607
539 697
646 383
469 80
860 666
492 343
683 134
8 398
156 30
143 256
476 739
57 967
259 287
456 847
378 132
95 168
557 899
856 496
924 255
506 169
269 251
218 741
991 482
95 313
870 753
460 761
962 797
644 831
919 103
226 282
64 417
466 269
31 871
233 191
148 577
323 573
620 829
917 755
754 951
496 907
249 709
29 467
768 589
931 907
111 683
557 871
828 257
789 184
998 81
301 255
927 95
636 682
510 271
901 944
750 577
253 119
551 688
642 844
78 863
538 781
373 258
871 899
712 24
868 667
336 508
523 32
216 802
106 688
750 675
72 262
350 749
542 239
670 32
125 799
110 173
29 89
623 113
882 13
412 332
792 221
631 394
476 578
892 86
513 225
489 989
221 866
772 374
938 154
388 127
318 248
800 855
577 105
179 274
623 343
735 265
593 352
475 122
853 222
179 387
154 624
308 293
735 158
757 626
194 348
838 669
877 185
769 846
166 286
829 438
758 324
189 87
140 515
47 105
175 36
584 859
936 292
312 638
463 793
891 722
572 271
39 842
832 228
227 762
198 958
875 198
377 563
700 427
315 143
575 997
444 361
676 140
808 28
809 357
520 912
151 338
745 615
136 921
727 819
267 369
305 6
897 730
326 924
610 267
561 341
637 546
766 414
783 910
182 255
45 703
906 747
125 511
381 85
1 47
721 664
333 210
686 302
56 585
167 847
153 261
559 917
413 203
718 110
155 828
300 323
194 986
802 29
345 606
825 868
557 357
526 716
452 684
986 465
259 855
309 172
937 755
275 500
810 621
649 263
880 849
838 829
694 817
808 864
881 286
128 274
540 278
692 274
265 723
111 257
622 87
113 69
664 371
570 613
644 300
459 46
170 407
799 960
527 113
142 17
403 49
808 557
367 864
117 695
445 96
691 376
251 305
749 466
475 411
536 587
403 596
776 218
837 933
579 72
925 551
843 226
348 540
39 921
260 986
120 611
249 65
212 51
52 548
787 555
858 145
212 162
583 365
141 218
879 810
24 986
662 772
596 8
961 925
354 384
763 553
512 893
892 883
614 412
151 374
463 384
746 812
379 845
772 57
314 976
723 116
376 137
270 959
788 568
77 399
495 128
978 90
854 841
357 879
270 814
474 653
435 897
55 504
517 696
310 174
136 200
996 409
745 159
106 323
471 473
898 605
514 190
833 371
561 829
870 257
358 629
613 225
859 546
85 568
778 292
709 595
775 423
579 62
284 322
527 262
268 922
695 588
384 616
631 370
647 745
368 337
636 727
534 820
587 744
754 155
402 4
459 125
895 702
986 838
436 347
330 738
847 827
132 60
108 435
145 191
493 743
558 693
502 908
189 46
710 400
989 241
5 748
279 29
213 777
586 277
22 349
934 859
3 460
443 796
995 859
887 729
339 991
395 913
970 7
433 686
2 277
24 837
887 590
836 748
672 645
156 622
527 521
567 588
643 4
847 178
603 792
766 756
549 338
755 841
999 118
998 701
589 758
934 743
97 492
206 190
978 431
590 551
804 247
127 664
241 729
917 432
81 816
85 920
12 290
890 342
72 13
272 575
440 561
833 942
428 178
529 729
660 633
513 196
754 364
393 814
349 961
152 387
245 784
671 276
417 33
327 738
332 180
797 478
690 782
950 740
57 123
954 747
578 303
582 915
548 775
78 594
136 245
502 878
325 943
143 402
436 136
508 129
611 282
313 451
133 232
282 562
835 450
602 507
930 562
535 541
57 966
757 669
522 664
636 814
104 487
108 407
77 148
442 815
703 424
88 923
967 487
425 985
113 504
207 402
636 524
982 736
452 555
593 967
957 446
886 76
581 498
732 610
161 819
41 773
891 535
732 529
608 559
292 146
679 870
560 642
758 805
500 221
227 959
123 894
287 153
720 952
866 730
205 657
832 837
828 931
465 364
283 927
839 642
509 123
607 742
846 426
370 419
666 212
551 691
665 20
370 306
673 545
780 963
694 153
567 389
153 646
827 312
315 524
134 201
214 498
927 910
864 803
295 87
9 314
849 2
856 883
29 935
588 713
695 406
765 499
458 691
618 641
525 883
18 459
517 803
429 840
890 513
7 513
928 302
285 895
930 372
346 895
882 925
114 499
207 818
578 418
942 835
119 70
764 409
508 839
307 840
697 464
271 301
502 997
856 177
415 982
587 257
91 987
203 56
170 323
32 160
530 227
930 713
198 140
273 219
402 385
98 16
869 805
505 18
783 469
917 963
594 720
277 612
23 64
260 630
463 137
965 823
927 366
235 38
54 638
553 77
918 471
866 924
406 59
283 684
268 56
878 815
526 564
757 38
775 587
903 406
858 911
676 28
440 796
334 440
211 431
619 474
286 319
90 676
961 709
989 228
737 139
42 835
918 160
297 826
456 366
720 706
439 884
360 305
413 857
626 532
111 940
992 406
775 15
334 197
101 198
795 597
103 568
863 854
404 499
333 51
671 351
967 692
695 325
555 318
967 581
293 534
976 152
647 375
891 343
604 751
96 647
5 51
53 287
798 880
674 802
582 987
381 762
334 409
96 886
228 275
670 334
673 506
13 633
881 127
19 216
203 87
97 712
602 435
711 247
469 248
957 147
175 74
71 229
93 429
293 59
468 55
765 807
108 110
662 571
277 535
226 225
262 320
118 947
264 414
230 729
140 305
692 966
572 300
41 204
249 589
642 350
274 954
793 730
460 913
652 299
158 548
675 666
641 542
201 7
241 978
2 80
828 484
478 565
282 448
84 852
474 616
19 995
686 478
185 612
721 618
799 695
211 312
732 110
704 503
867 901
621 866
840 23
418 85
45 338
301 1000
508 236
495 470
262 989
335 697
117 145
824 732
566 15
768 114
702 479
885 843
25 874
459 286
976 132
977 221
134 298
892 40
506 735
746 236
553 926
732 26
562 852
411 832
602 117
929 899
638 623
472 850
659 230
626 79
76 108
941 860
947 803
293 509
846 747
994 423
961 387
635 84
194 274
472 112
571 972
716 179
630 297
297 11
1000 710
909 308
801 427
286 808
74 462
369 570
353 157
540 231
210 766
639 363
718 862
442 477
260 590
83 485
50 38
503 832
732 526
628 591
40 201
597 724
107 424
823 278
799 42
791 244
371 335
499 258
483 905
656 25
803 218
988 198
225 713
115 850
850 227
720 422
482 703
505 518
913 543
801 261
148 380
757 304
25 239
798 466
709 189
343 467
716 847
55 479
372 321
263 242
525 539
530 903
313 59
396 977
551 543
474 273
376 262
23 553
827 287
920 235
544 791
953 357
402 677
206 686
204 281
149 360
388 976
261 366
355 671
394 321
589 138
810 612
495 347
844 492
640 24
454 473
522 980
336 207
172 605
265 69
986 57
74 991
311 926
847 338
540 656
137 131
824 67
308 476
751 872
140 179
60 525
688 530
269 279
207 639
703 346
626 696
53 561
899 817
517 386
575 668
528 997
191 647
342 529
807 633
527 846
801 79
537 970
24 819
97 835
936 247
637 841
926 185
140 249
178 4
92 706
18 733
662 850
884 678
296 967
665 581
633 994
525 234
148 579
486 900
280 635
656 811
432 278
675 338
303 637
127 857
112 494
130 197
283 993
865 919
728 663
182 128
528 222
766 66
898 480
629 970
964 97
909 672
894 486
163 962
368 848
21 480
186 974
423 396
799 278
893 54
453 885
43 249
328 737
863 531
439 727
958 893
41 521
963 969
540 707
547 646
604 941
208 860
76 214
170 159
777 141
263 666
217 856
958 95
942 832
299 334
981 806
783 16
231 319
792 509
939 382
134 540
193 112
800 984
484 593
711 274
142 59
447 648
557 852
27 201
781 416
326 327
74 292
493 686
361 463
579 565
451 914
178 198
160 325
696 102
700 327
60 351
411 939
672 480
412 555
610 180
866 42
829 150
79 811
649 528
230 653
1 609
628 528
224 342
227 589
871 396
563 999
692 513
487 391
684 625
170 791
474 143
840 399
639 1
641 347
225 237
390 383
894 209
514 67
471 427
993 224
210 10
690 256
385 133
589 526
917 503
774 416
929 457
512 735
803 496
271 401
793 170
703 619
581 843
499 273
827 327
132 631
1 964
172 880
836 426
858 371
931 485
751 236
57 464
220 612
167 262
669 297
858 226
803 703
720 271
114 50
61 537
902 177
82 532
873 807
213 334
507 97
713 654
20 290
556 812
819 827
946 720
798 881
548 856
860 730
717 895
167 354
800 885
543 967
160 20
325 678
472 230
351 777
313 506
853 240
194 271
736 994
237 363
240 209
648 184
43 574
161 559
454 244
505 646
545 897
530 87
53 666
862 128
738 850
390 799
396 132
490 315
967 319
827 616
97 139
419 627
567 618
182 524
383 389
19 772
719 351
940 600
115 416
68 504
620 240
478 570
904 557
390 712
616 855
391 161
654 601
418 769
1 367
119 125
999 477
855 420
546 628
68 208
340 925
949 175
474 651
161 886
923 662
530 928
784 432
883 154
299 189
462 283
764 943
529 652
988 807
534 767
168 804
65 664
245 826
988 726
336 98
59 586
46 820
87 152
15 431
20 343
60 772
800 691
104 64
971 442
972 977
924 876
427 332
460 721
475 600
848 222
276 543
355 62
617 407
658 339
52 966
19 247
575 490
78 790
817 934
30 917
790 687
536 570
496 87
443 560
389 570
321 924
985 181
92 985
39 558
351 872
126 552
805 115
93 289
353 156
406 390
451 763
982 565
767 289
516 137
209 344
946 26
213 617
767 438
552 189
398 725
827 997
836 633
978 651
504 254
983 766
550 714
748 289
220 202
421 557
83 194
870 850
258 346
287 278
563 765
965 177
822 346
277 95
776 786
561 492
274 810
140 745
1 21
81 839
112 911
29 848
959 199
621 982
695 287
149 873
534 667
294 412
497 864
944 161
986 484
750 373
181 6
458 669
65 533
105 500
713 757
956 260
656 787
161 427
289 350
881 292
293 702
989 945
42 126
632 626
27 462
835 311
929 942
658 292
734 587
60 628
901 64
363 455
55 19
942 519
869 557
855 526
697 660
769 871
386 645
152 799
853 25
946 333
554 134
922 738
464 864
672 453
321 745
382 978
438 760
292 446
439 313
373 53
1000 961
268 391
952 548
383 460
899 127
573 140
683 724
351 610
356 948
344 980
145 741
351 755
175 577
748 261
197 25
805 986
222 612
906 685
62 973
799 252
366 627
495 853
558 109
707 597
951 70
55 397
628 497
336 721
443 343
301 781
659 647
699 134
257 495
137 657
211 608
949 978
751 346
272 684
958 512
592 340
10 300
609 742
498 95
636 872
78 105
308 726
986 504
91 148
829 926
519 198
14 202
599 116
164 995
241 144
702 359
650 130
891 314
817 691
948 612
618 929
457 549
199 168
772 256
195 146
204 194
28 48
895 624
363 419
838 290
959 963
411 41
70 814
697 688
237 279
554 235
921 740
99 202
65 430
529 287
602 767
685 976
888 843
799 668
451 802
452 521
224 504
114 772
268 427
788 850
844 630
594 609
512 266
824 598
510 254
58 163
452 815
328 277
92 342
438 846
187 458
26 68
637 590
728 854
177 240
589 811
1 258
24 605
797 830
779 287
84 673
175 714
270 934
897 840
917 649
885 305
484 510
379 640
976 606
357 43
40 138
674 269
965 282
181 299
92 154
296 20
886 229
289 986
567 491
960 43
992 263
893 158
427 52
979 515
964 213
158 164
750 322
181 205
684 212
479 1000
835 64
671 494
604 771
74 818
642 736
807 158
375 184
583 631
342 35
167 115
96 665
668 407
669 74
92 678
765 737
33 168
308 486
40 668
32 480
109 14
649 119
522 719
263 540
709 847
696 54
127 510
630 451
117 692
388 380
796 17
416 381
30 969
35 737
131 146
994 406
744 721
283 511
471 729
86 480
553 397
903 833
894 447
508 981
364 273
489 572
149 587
957 484
56 249
913 902
224 371
22 186
249 928
106 891
182 444
59 163
701 848
982 891
36 209
872 861
634 676
619 440
983 571
7 481
210 239
760 284
950 211
318 852
889 579
466 788
106 319
592 618
632 155
704 632
851 507
944 55
963 213
211 536
698 10
607 990
495 464
559 795
512 474
95 623
336 86
428 638
447 162
893 366
198 876
937 748
756 730
462 933
216 571
9 82
712 495
397 683
181 884
493 962
539 590
497 391
762 637
229 600
782 230
82 801
458 314
126 63
481 651
703 288
619 432
751 658
400 511
878 681
974 841
496 423
593 591
353 290
28 286
644 944
575 600
173 392
625 463
97 150
936 821
31 911
733 353
609 413
192 806
983 761
106 863
561 257
301 6
319 557
604 353
841 17
288 895
183 102
244 112
125 408
505 516
235 415
76 665
22 275
12 477
860 57
550 805
573 668
777 731
137 628
285 340
324 494
371 909
161 60
287 651
418 230
223 521
669 383
941 762
335 671
160 913
630 988
150 768
68 649
930 367
444 865
476 985
437 333
76 3
494 278
248 936
449 407
378 311
497 33
421 217
77 679
942 917
709 886
559 90
637 499
138 652
13 784
821 905
813 873
895 957
329 340
38 316
539 249
663 926
559 234
227 373
771 410
666 748
973 800
300 610
942 337
466 374
965 848
737 453
409 639
183 823
161 929
995 713
760 477
151 330
301 473
136 732
876 339
714 434
660 940
28 216
525 458
589 663
379 348
447 721
28 853
656 406
864 917
881 857
932 291
954 231
224 586
175 791
785 711
977 351
558 332
462 289
101 175
85 810
727 367
286 115
144 49
804 530
812 47
389 266
104 876
121 850
87 125
774 119
688 244
462 707
588 405
642 541
94 730
534 535
332 219
100 79
63 69
545 462
694 809
272 986
901 384
129 615
831 64
262 709
835 133
985 304
381 723
77 598
781 970
658 56
848 8
406 912
730 228
640 260
15 132
737 277
222 344
313 476
47 791
263 954
88 860
839 475
161 656
201 579
240 183
937 343
294 980
408 931
995 41
344 117
536 71
424 960
216 47
307 408
758 459
543 673
583 244
415 646
666 704
536 172
406 79
834 884
329 82
949 122
756 527
889 106
430 176
736 499
933 295
741 878
178 264
309 978
205 580
771 805
921 208
463 345
321 187
515 816
343 695
589 699
419 159
572 847
385 19
315 478
98 962
318 915
727 707
225 461
867 874
727 386
951 218
367 19
682 781
780 994
470 792
349 917
580 119
837 608
551 107
15 292
739 686
24 137
347 521
651 996
673 812
702 433
560 346
309 513
88 619
770 53
223 359
704 985
523 447
85 258
33 175
358 72
345 237
843 858
627 707
275 214
939 207
722 725
869 642
503 132
397 279
644 296
791 587
982 466
344 418
805 379
200 902
757 594
846 683
502 119
866 234
520 658
852 809
627 831
848 560
1000 907
819 81
568 719
821 739
900 758
334 590
795 456
796 935
836 756
196 619
786 238
992 922
899 438
782 609
606 933
935 849
737 210
927 509
620 769
500 771
679 952
205 709
491 339
707 671
943 519
197 865
948 943
328 16
20 686
96 28
844 469
634 532
618 241
410 474
453 408
609 466
646 697
314 62
668 897
171 731
875 627
533 217
607 840
423 730
229 50
727 279
638 982
73 542
732 83
612 757
120 342
945 722
362 612
237 888
219 405
688 188
690 870
898 891
294 336
96 567
316 760
977 210
18 270
920 846
63 482
66 2
530 501
52 960
659 88
829 280
479 387
62 185
298 804
490 1000
915 307
632 933
796 118
1000 634
31 731
35 668
865 605
323 104
335 369
778 936
672 443
838 360
839 193
696 305
914 280
454 97
41 156
723 984
995 863
669 514
395 917
514 453
36 897
916 182
645 553
835 951
430 121
107 28
736 460
21 278
499 662
660 233
176 659
224 143
25 466
580 977
236 867
179 601
257 231
850 222
82 116
154 793
525 310
845 800
729 747
215 432
533 384
336 526
883 346
132 900
439 776
296 554
544 252
542 986
817 201
820 728
698 188
647 5
778 121
233 915
181 147
204 276
422 679
618 262
893 128
324 653
197 665
840 680
498 136
745 807
372 657
229 776
898 863
213 260
414 549
682 797
60 665
487 90
311 776
958 49
84 924
856 727
986 806
915 478
312 777
313 560
476 233
541 700
39 103
308 977
476 623
525 23
544 35
909 341
624 881
606 289
875 94
826 993
830 732
739 384
288 464
326 120
734 389
457 511
349 185
442 525
634 25
909 55
640 788
681 424
631 692
305 908
168 132
940 530
250 512
698 540
404 935
23 911
135 849
747 185
315 891
955 20
281 777
233 220
585 55
438 61
116 143
921 657
318 583
798 461
778 356
597 672
509 1000
580 738
702 809
663 573
836 23
730 574
250 964
569 628
912 830
148 113
223 735
152 116
384 903
850 774
897 804
51 663
413 4
347 256
220 562
975 898
287 63
551 243
310 551
385 668
873 985
406 584
252 498
878 42
271 184
42 80
423 973
65 785
726 238
325 719
787 86
296 475
133 200
873 763
268 609
23 265
761 634
298 280
706 397
100 908
528 949
691 355
907 878
491 505
113 271
294 804
541 509
913 126
862 171
799 670
981 359
875 300
969 679
363 80
201 781
62 546
191 922
982 627
895 97
878 832
171 818
410 178
88 264
983 94
108 354
174 583
496 605
745 618
796 610
514 175
861 466
81 594
429 408
968 342
970 652
444 419
663 355
590 796
257 88
258 691
387 973
135 91
599 726
589 412
908 595
811 942
171 271
392 624
928 642
90 885
767 541
897 153
171 412
923 941
581 729
91 69
845 84
849 17
1000 131
160 662
231 533
985 738
215 813
626 212
976 43
81 329
579 214
127 679
270 173
553 567
950 595
57 800
204 145
599 376
257 464
969 775
473 80
131 502
8 75
467 558
584 926
273 921
222 452
539 386
743 674
744 836
242 843
610 885
904 916
958 299
411 164
448 735
434 127
786 488
112 109
875 526
661 962
715 419
19 664
870 525
357 726
504 886
891 610
50 62
314 763
704 15
475 924
338 261
102 362
72 937
14 524
533 548
165 672
278 897
204 584
763 669
323 760
838 201
452 924
827 184
844 890
560 989
723 123
281 12
889 871
34 492
815 24
789 364
205 341
222 717
334 11
318 908
928 960
301 194
710 678
931 215
9 365
883 238
441 327
371 2
814 282
462 495
954 953
29 728
926 350
711 988
86 307
916 208
310 163
258 518
704 634
815 962
926 489
868 775
12 860
203 602
862 799
134 12
707 218
889 675
53 546
379 381
34 974
988 721
38 616
78 345
261 135
663 846
229 787
926 139
565 841
68 663
470 7
720 238
99 763
212 954
803 557
419 980
938 204
80 220
652 978
464 315
907 635
929 903
89 162
682 201
292 45
958 26
997 496
428 813
602 480
349 12
643 574
113 245
502 33
928 72
195 987
736 897
751 566
991 103
795 792
887 438
504 581
366 465
857 71
910 251
71 197
678 119
511 898
260 143
421 682
619 973
321 770
966 178
622 688
202 277
748 126
361 260
60 24
705 341
409 272
6 697
10 692
504 1
948 878
73 108
469 702
405 437
408 455
626 253
419 201
3 390
727 615
880 586
241 732
901 838
158 306
996 580
499 36
943 651
146 438
271 626
21 103
149 146
228 957
926 442
937 899
257 305
958 619
299 154
854 584
211 566
341 619
87 91
713 408
158 678
293 968
954 914
259 824
756 282
115 402
152 392
637 41
384 548
324 654
163 520
294 27
834 815
262 844
473 381
812 604
826 315
574 693
902 892
225 944
707 468
502 752
907 534
294 60
956 279
602 85
401 266
904 255
317 406
174 513
835 457
544 295
749 115
144 579
400 477
866 288
773 788
7 418
687 818
122 16
195 836
895 959
566 885
867 214
28 380
502 303
269 70
550 473
754 636
166 470
392 788
706 763
335 796
877 386
914 396
792 976
838 119
511 277
404 561
672 533
107 392
235 351
550 522
535 162
884 832
723 66
561 291
689 886
232 743
568 853
770 17
495 854
392 887
852 906
382 508
129 8
327 782
880 680
771 630
621 51
870 480
256 882
656 694
289 819
453 736
555 440
429 546
594 478
988 972
751 212
196 531
609 763
259 788
976 802
149 392
522 146
854 711
380 90
648 580
314 440
488 491
163 693
208 986
405 720
106 288
378 486
929 990
894 934
570 984
972 20
510 943
649 463
1 798
190 41
157 371
835 276
86 142
490 783
933 911
327 112
31 334
375 356
679 364
519 462
647 978
531 205
71 252
630 277
952 997
537 825
792 782
956 932
444 123
944 996
606 60
643 50
239 701
240 885
847 306
595 333
357 514
624 203
787 755
918 91
740 817
64 306
390 371
626 983
753 805
840 885
534 26
458 805
295 562
797 940
689 227
449 838
712 860
841 952
382 280
185 956
816 234
810 486
58 37
77 199
974 111
775 10
707 848
724 594
980 708
105 6
175 922
824 596
313 943
980 894
346 139
955 511
869 93
530 749
68 700
968 866
753 508
570 154
842 903
630 794
955 620
226 596
81 319
464 449
68 707
270 259
623 147
941 994
755 182
363 610
548 836
955 842
601 802
963 711
839 296
643 709
848 133
38 989
759 113
942 979
8 495
781 623
873 726
303 159
756 706
823 480
152 811
685 420
411 54
86 372
490 517
574 137
481 334
463 842
248 367
805 91
1000 909
748 27
930 968
736 691
75 963
653 1000
784 857
892 794
417 768
453 66
511 348
120 839
68 431
196 740
876 262
36 77
292 215
116 435
862 324
871 61
213 691
75 702
921 178
704 302
79 222
745 470
755 653
618 255
769 151
861 265
632 47
940 920
798 266
413 658
711 876
858 416
422 697
958 991
280 226
741 149
158 135
958 942
877 678
803 607
609 924
5 129
264 773
603 186
911 237
91 846
934 262
561 610
263 734
86 71
987 591
753 250
402 126
76 105
792 394
613 862
602 481
252 682
826 745
494 603
795 874
359 619
332 696
397 394
878 317
860 984
316 830
616 364
697 502
801 430
382 555
221 759
259 454
723 621
501 103
107 240
862 96
389 728
84 32
89 654
257 938
184 758
666 262
460 803
687 236
270 834
433 169
896 783
533 726
808 75
75 636
335 6
11 724
20 622
992 791
165 579
561 262
942 244
177 398
70 467
1 248
535 579
172 391
448 743
647 246
997 893
615 258
261 45
780 981
929 501
785 873
698 186
132 676
974 423
336 279
651 64
964 153
158 80
487 796
20 17
817 425
837 550
604 855
367 811
439 718
451 142
998 635
863 120
731 92
901 565
402 832
955 660
117 821
152 679
262 732
218 168
493 18
683 110
562 885
389 215
449 404
51 456
549 585
252 351
716 494
222 355
319 352
528 828
820 60
147 842
603 317
85 26
692 246
492 108
259 405
353 466
61 1
66 953
711 75
415 542
753 849
965 409
692 788
325 813
52 619
364 197
936 478
963 206
926 825
231 183
602 569
995 769
594 633
504 175
106 815
433 213
623 978
818 826
64 471
50 854
382 3
840 487
259 823
968 253
552 443
571 137
310 479
883 395
723 996
966 746
237 762
909 492
201 316
457 906
186 72
723 419
157 473
286 231
713 345
896 343
769 223
254 827
465 194
438 418
738 764
79 436
10 237
34 247
340 412
493 434
497 20
63 864
198 905
414 218
896 117
589 216
793 499
155 966
780 735
694 957
361 590
692 918
835 249
447 231
177 967
548 722
648 980
833 456
986 230
489 966
787 491
555 7
722 748
118 493
635 567
449 112
433 843
584 533
938 364
274 125
757 714
276 723
388 501
339 609
907 787
344 457
23 180
515 546
203 62
222 494
95 100
79 611
795 850
448 423
503 451
963 589
326 440
630 362
481 289
435 561
490 689
218 931
402 507
800 298
782 878
970 246
476 403
919 19
762 116
376 295
880 215
753 607
607 268
594 605
921 443
996 985
282 71
581 353
399 812
903 516
331 670
978 335
406 172
814 25
118 762
11 796
230 480
983 674
359 196
611 551
996 831
802 293
858 824
107 260
126 32
491 613
137 983
409 922
764 674
727 558
729 801
270 853
876 592
988 58
923 641
85 858
968 54
118 710
474 291
756 940
210 297
780 925
251 575
824 597
612 732
370 163
724 706
824 452
403 505
275 396
518 184
721 972
461 329
9 344
816 856
998 432
56 9
768 27
592 831
485 626
261 50
356 240
108 529
401 439
955 732
596 782
806 289
368 317
173 974
694 469
621 478
566 609
109 10
240 327
522 715
502 987
873 725
378 221
730 374
240 214
592 379
554 446
193 192
565 344
811 651
364 111
795 175
140 344
770 995
679 625
22 860
406 511
378 470
191 811
395 618
966 231
342 717
273 330
809 168
496 857
357 724
853 319
231 255
396 16
336 849
230 317
527 675
115 975
222 913
562 50
268 169
880 977
573 402
280 807
137 866
905 278
513 463
646 731
111 744
239 295
974 174
442 7
650 544
67 341
668 935
193 991
864 20
58 87
511 777
6 799
727 419
621 860
15 615
572 588
958 589
480 668
870 425
141 889
902 736
78 300
64 842
622 425
381 453
219 406
198 360
518 164
441 912
522 171
209 220
302 979
664 25
926 137
752 834
99 174
868 952
464 430
472 937
109 460
920 176
844 129
38 840
428 162
856 499
772 309
111 499
597 440
377 733
223 19
807 877
222 279
740 336
778 629
448 368
144 601
845 918
455 407
340 419
834 316
948 308
442 645
28 282
566 798
183 702
610 134
931 552
416 619
201 971
239 647
519 849
340 506
453 37
989 2
771 64
187 409
939 918
176 662
488 648
549 347
239 613
330 387
349 485
6 590
301 536
413 584
404 939
30 110
201 182
826 236
371 194
372 169
908 445
513 299
31 407
948 910
621 99
120 177
618 208
211 730
598 986
395 419
380 739
933 461
56 665
954 190
423 273
371 992
29 698
410 684
285 336
965 478
681 815
635 748
817 351
910 972
68 983
384 958
152 394
390 952
15 281
16 713
891 485
241 286
186 745
243 504
206 748
856 781
358 923
90 77
660 977
204 752
539 768
517 942
413 495
924 587
602 160
910 665
184 121
590 385
8 295
818 88
329 749
575 420
83 986
691 667
583 857
565 254
434 336
472 163
865 668
118 160
355 174
484 522
388 819
847 917
722 954
523 823
545 979
175 8
749 403
35 357
420 865
294 654
174 848
106 522
468 117
913 32
499 653
334 143
494 961
466 370
305 816
252 424
35 411
677 40
715 365
588 757
404 588
131 908
18 304
227 599
526 263
378 713
348 993
153 245
514 198
163 396
370 760
477 308
405 471
689 884
231 997
713 126
23 827
112 627
592 938
822 315
496 865
390 439
673 585
604 103
487 605
805 648
330 596
276 442
849 264
99 889
10 531
997 365
863 891
976 917
176 333
584 90
267 870
971 363
803 312
919 938
646 934
542 215
636 278
689 881
323 159
252 47
74 795
21 716
955 818
928 438
678 614
954 662
356 172
610 312
507 200
787 490
950 586
605 789
284 48
748 621
237 496
203 160
991 155
973 444
995 220
623 460
421 74
631 81
703 356
65 48
448 440
160 492
344 121
164 428
769 838
496 404
994 399
153 661
333 831
856 468
986 603
520 43
64 231
853 425
79 369
136 675
71 429
933 338
679 690
277 478
641 523
805 872
843 429
741 874
957 701
598 689
909 826
624 348
752 489
928 468
959 551
81 599
211 716
762 454
984 628
823 197
36 265
612 872
477 393
160 382
813 47
172 441
229 312
585 464
716 830
382 286
129 106
685 117
707 965
929 451
49 629
551 588
932 722
310 218
572 681
812 895
428 369
348 371
51 982
103 561
234 416
537 183
759 378
707 227
85 699
67 64
485 241
34 907
975 278
613 245
835 71
928 611
293 543
208 41
74 348
124 117
790 968
256 479
76 240
630 651
631 358
544 674
686 384
30 641
220 823
436 734
544 273
998 866
964 662
70 621
968 721
477 613
133 297
688 720
28 17
748 992
967 134
846 97
630 452
813 796
61 983
134 653
127 330
973 642
297 161
27 88
190 692
819 36
32 818
749 347
566 819
689 282
40 221
919 193
688 909
448 162
265 940
967 309
435 348
313 952
463 106
946 112
140 191
583 357
255 244
409 170
116 445
867 607
221 359
46 416
782 532
714 502
788 593
735 604
439 179
650 606
541 947
477 493
310 775
822 483
328 99
201 507
112 778
96 143
439 849
188 727
524 345
875 631
159 310
512 251
533 229
555 629
208 344
371 948
64 988
141 102
471 465
161 808
133 824
484 76
342 358
72 326
271 942
474 38
882 363
355 761
356 6
472 571
713 707
308 161
94 662
755 376
995 425
48 686
125 944
843 749
186 564
513 709
553 528
369 247
781 512
360 910
752 432
365 131
210 267
43 643
70 728
515 637
697 642
611 452
44 850
80 539
89 355
678 197
827 541
19 584
649 961
779 926
763 495
47 414
749 720
681 432
192 131
999 136
156 614
322 794
878 895
59 341
693 926
32 683
533 581
680 7
33 233
407 516
512 960
677 758
384 371
591 96
619 411
875 821
914 875
935 599
794 309
289 699
62 817
870 507
564 818
437 148
936 749
722 194
862 759
747 415
370 753
171 473
376 617
105 365
894 687
517 934
984 700
389 51
450 35
858 164
531 758
398 259
494 470
55 920
630 832
21 536
886 766
298 127
928 282
414 553
146 443
682 793
186 968
337 556
503 219
292 241
648 792
999 667
601 792
985 505
214 891
19 281
238 911
331 219
350 197
208 686
416 827
398 895
347 789
189 74
429 603
870 736
395 727
397 61
970 321
588 784
681 242
524 616
100 714
892 638
287 466
624 964
709 875
130 267
270 8
408 665
231 177
110 962
97 181
706 121
463 34
815 329
70 128
642 257
257 805
13 288
608 662
183 976
774 669
831 836
372 31
27 588
46 472
799 250
500 789
24 377
879 584
651 307
949 570
626 665
149 66
685 16
154 1000
780 868
267 187
236 860
37 797
333 182
281 491
233 994
570 419
241 479
439 526
319 244
346 974
864 827
459 497
150 694
578 866
447 144
486 576
289 18
315 648
243 471
483 324
121 951
751 951
111 340
660 359
659 182
271 132
347 546
359 745
403 500
151 594
590 992
359 975
666 777
815 424
230 888
251 191
748 165
143 384
601 229
963 522
754 445
230 581
800 189
639 458
416 694
847 537
353 365
143 946
23 88
479 475
546 935
446 833
286 762
857 862
987 795
697 773
148 767
582 601
429 242
145 699
554 553
957 700
80 912
640 157
266 977
999 33
413 670
947 506
396 332
496 928
996 825
318 773
282 359
622 511
797 937
465 320
410 451
68 251
451 245
453 431
664 994
246 958
427 780
204 300
141 706
895 194
438 396
879 544
259 777
395 379
879 435
461 246
543 392
803 727
474 67
919 969
573 929
194 886
584 454
446 344
720 262
167 53
657 12
68 200
838 810
747 771
475 708
869 316
640 374
270 177
398 106
333 623
65 241
569 193
380 138
754 255
795 899
759 114
798 538
503 304
813 795
960 753
890 382
954 713
400 280
791 804
445 488
891 792
435 302
75 887
848 565
142 889
841 396
114 119
884 630
276 986
136 576
676 346
879 829
18 540
516 291
630 142
866 952
238 230
373 152
121 247
33 853
16 120
272 159
993 59
701 874
283 561
141 435
571 322
220 108
450 85
993 148
615 53
435 9
115 978
384 263
439 803
263 113
345 886
718 177
584 688
968 84
141 742
271 651
238 346
111 968
701 973
423 508
10 163
360 420
632 631
661 128
21 289
626 786
314 827
332 137
557 320
579 408
946 909
727 112
30 448
753 413
627 388
665 615
63 408
764 251
590 758
273 718
844 131
882 74
649 443
317 285
657 545
899 575
57 832
664 344
96 90
159 939
458 292
97 748
616 192
635 108
835 638
630 289
978 830
759 199
670 588
655 312
202 176
204 998
153 588
961 165
250 164
841 479
142 276
37 194
19 587
76 878
443 791
923 225
728 71
22 662
550 256
495 747
296 979
259 233
667 228
799 483
396 54
757 188
945 331
747 67
54 681
755 588
348 910
295 657
941 159
62 984
871 34
799 257
12 245
380 543
624 357
869 112
315 428
567 154
370 436
263 85
999 335
99 863
975 742
600 748
840 59
806 848
342 952
497 904
439 549
561 199
238 481
479 298
445 537
138 227
769 259
294 486
542 8
925 128
581 558
855 195
254 734
77 895
977 817
584 365
603 155
274 133
682 774
129 654
322 153
307 887
648 793
395 302
322 264
311 624
604 662
243 822
563 471
907 889
94 598
532 602
880 132
207 500
647 891
619 540
32 780
677 244
491 417
252 970
758 481
541 389
339 789
782 913
362 414
880 104
861 1000
348 733
294 543
153 985
705 132
724 416
452 675
844 585
169 327
406 20
779 522
248 328
162 520
126 297
833 613
273 417
115 536
296 862
334 314
46 110
947 481
434 756
523 987
93 81
102 129
879 587
755 729
661 168
177 525
580 468
33 639
859 695
659 385
110 639
715 939
349 745
6 842
832 717
53 233
802 813
966 632
864 222
723 277
618 69
858 682
414 497
876 781
73 584
517 743
573 33
976 919
149 291
152 121
134 57
600 887
712 145
911 403
909 52
920 126
371 796
411 629
375 828
769 367
163 552
446 227
630 818
995 403
194 238
376 667
640 508
682 875
185 465
85 360
417 881
524 244
267 727
804 379
735 482
238 846
609 842
4 770
631 269
155 662
872 132
618 936
52 22
520 352
512 66
248 825
781 583
596 85
895 633
217 66
716 156
991 42
189 252
579 940
212 323
639 612
491 508
153 667
118 61
959 601
202 200
311 446
5 555
309 255
455 639
403 800
631 742
47 337
988 497
329 84
899 64
956 23
461 591
226 308
763 351
867 519
3 292
957 699
999 32
144 510
54 657
385 762
818 370
309 589
880 519
664 628
576 256
318 917
615 97
529 638
363 650
306 561
915 677
681 587
719 903
300 23
619 61
871 840
964 62
571 116
423 475
544 706
128 95
572 538
152 85
933 981
745 58
543 395
600 851
431 941
983 80
731 251
181 214
459 412
314 489
315 912
525 829
105 292
623 46
642 763
954 825
829 955
377 996
708 872
293 750
790 859
593 408
904 349
25 660
523 437
392 177
319 862
255 604
682 222
463 315
643 713
844 126
114 671
665 853
886 961
479 405
635 67
377 695
144 624
308 405
526 129
805 502
329 389
558 534
890 238
781 333
530 79
568 358
786 485
795 81
579 678
407 358
123 507
295 910
151 426
580 872
871 347
377 243
710 223
154 109
482 590
528 338
885 252
813 367
137 790
447 561
766 337
947 473
404 166
919 457
809 410
352 177
11 906
429 503
399 547
213 59
280 857
505 549
827 118
145 849
751 469
559 962
964 18
508 374
882 391
578 166
707 816
713 344
875 518
385 396
376 591
109 853
509 653
238 437
657 829
132 482
314 397
673 194
871 675
630 890
705 593
99 766
570 476
406 995
449 396
753 254
27 363
312 883
613 683
126 886
877 230
147 675
60 320
687 805
778 963
216 126
201 750
222 52
350 9
425 982
689 641
506 236
50 509
586 283
415 695
386 987
923 224
139 561
930 1000
719 394
474 819
383 417
170 836
435 271
23 497
583 472
343 535
340 78
205 530
780 28
603 899
713 71
224 116
206 132
689 222
817 931
250 712
664 940
573 548
284 837
586 945
950 182
827 441
243 46
944 123
215 172
116 855
63 840
901 756
797 291
946 90
894 685
553 97
950 323
94 737
901 261
295 58
802 96
542 9
564 449
216 623
760 576
485 489
323 450
534 876
518 417
913 473
569 143
255 532
695 731
46 230
995 165
8 441
834 125
522 654
905 286
416 829
952 863
401 47
899 824
97 632
153 702
460 526
688 873
174 740
88 101
568 431
182 819
257 744
756 516
443 709
615 555
925 997
340 59
433 495
718 784
331 512
567 565
568 653
957 368
239 676
459 556
957 293
705 308
463 44
121 61
145 733
878 793
148 596
899 500
205 933
353 914
178 287
935 791
674 252
885 180
76 805
502 722
866 579
760 194
337 279
471 196
388 189
419 377
558 484
393 662
241 588
96 329
115 87
577 830
104 708
141 813
43 355
363 974
551 907
539 963
996 298
815 886
30 398
267 1000
492 377
88 716
147 174
720 106
994 983
61 524
171 84
113 116
742 909
289 129
553 844
110 43
521 302
542 500
103 978
181 772
898 940
816 621
764 403
674 903
270 74
365 184
203 165
981 971
445 224
283 205
946 519
13 988
164 600
679 363
868 288
338 727
134 676
178 876
645 25
397 462
492 76
832 465
354 45
193 361
784 596
916 781
598 379
857 819
520 189
667 62
780 375
14 651
952 712
19 755
510 284
23 203
654 475
583 275
344 952
883 589
738 344
481 225
482 538
126 213
805 553
898 8
221 255
921 217
463 294
339 364
16 825
242 643
59 125
405 89
670 530
672 788
206 30
222 674
788 670
521 829
629 772
116 233
123 571
618 23
231 744
869 588
326 708
845 876
360 330
984 772
826 43
111 39
958 324
149 326
8 934
655 588
659 393
346 148
223 590
252 123
713 548
787 301
595 387
259 900
134 324
446 122
782 496
222 126
934 287
459 253
355 956
262 664
530 392
950 597
274 202
203 240
21 975
355 13
30 535
222 319
21 816
725 460
170 301
544 498
84 299
191 625
269 167
572 448
293 33
104 788
62 486
914 303
951 95
57 742
277 541
300 658
706 653
686 477
710 333
36 916
364 265
439 377
408 723
26 142
966 106
245 168
316 347
586 41
624 236
970 968
699 282
371 381
262 508
1 663
547 350
196 368
651 492
282 377
28 869
913 553
101 73
850 132
614 245
390 483
598 946
90 561
991 386
825 578
275 609
777 679
154 558
621 856
659 711
452 207
825 691
849 341
861 809
980 741
820 626
310 852
3 876
812 494
669 403
306 903
514 431
110 129
617 211
526 695
623 77
293 560
811 63
647 333
315 812
501 701
194 215
123 231
198 759
623 178
809 530
129 672
902 805
673 201
523 464
194 70
473 5
692 104
294 900
460 404
815 354
960 806
156 957
764 330
982 497
753 991
950 851
934 116
658 106
790 535
45 548
491 84
9 615
343 816
71 481
188 195
634 127
563 953
981 394
818 217
177 167
75 704
663 451
317 643
267 434
343 647
867 547
220 114
58 277
277 245
810 181
44 288
706 853
512 626
107 704
37 661
680 549
404 232
671 106
50 608
641 387
719 894
962 705
924 877
820 679
931 326
497 910
977 388
336 959
821 315
90 823
881 608
544 912
873 196
677 611
272 871
168 920
722 483
604 963
977 823
769 396
113 937
578 341
541 95
895 758
43 851
545 245
514 59
583 853
731 343
511 846
645 178
743 659
642 6
433 524
852 289
640 606
423 661
616 333
147 774
395 712
441 447
435 251
717 753
135 650
562 690
912 461
987 899
749 288
808 270
406 443
444 234
933 71
628 392
469 521
880 160
907 182
790 285
39 715
919 123
463 212
697 863
478 616
743 310
231 912
165 610
650 898
448 570
395 229
260 209
516 539
96 108
462 15
45 93
68 130
486 177
159 213
200 26
962 690
390 427
618 48
953 639
768 871
861 332
612 598
682 740
712 4
305 466
73 590
954 961
336 488
246 879
444 995
910 940
694 7
862 529
159 553
54 273
720 285
773 301
833 594
398 482
829 977
846 924
845 879
414 520
920 534
638 507
494 314
190 979
542 260
800 867
583 680
401 232
934 466
576 666
955 917
178 922
460 476
504 532
527 150
985 75
490 555
363 299
435 166
317 150
35 605
951 987
109 980
701 240
249 241
279 94
796 804
190 623
71 280
753 705
240 796
955 422
120 706
640 238
883 735
865 376
577 300
887 523
653 79
983 712
286 520
588 612
790 168
188 890
357 925
16 171
324 340
116 468
851 27
562 154
486 194
555 879
628 431
519 712
153 503
229 292
358 392
859 44
54 945
736 88
385 132
197 919
272 626
385 309
719 822
860 859
618 423
637 393
46 147
435 437
985 969
985 531
868 818
979 269
707 116
432 598
902 175
405 653
815 762
119 281
503 126
765 263
747 772
423 793
669 65
872 83
985 276
204 136
460 226
735 930
247 234
857 338
216 326
514 949
957 291
659 68
808 650
644 272
647 927
961 444
869 539
191 483
87 562
695 947
238 586
80 834
246 465
984 250
765 843
772 3
562 747
264 314
174 797
433 421
148 952
754 559
227 693
320 113
940 573
451 777
586 372
269 904
786 370
382 787
532 921
317 924
46 202
505 420
288 654
168 140
130 97
386 23
666 407
785 315
698 620
864 348
149 820
461 706
681 260
559 320
728 827
233 355
486 31
456 478
442 145
280 812
766 422
253 209
236 897
755 659
298 907
671 113
728 601
200 82
510 371
681 933
410 597
881 460
855 894
392 970
885 574
579 383
195 102
750 756
592 754
755 94
926 523
669 402
964 306
825 908
897 367
499 553
242 6
940 331
302 980
194 165
216 661
664 379
713 711
109 310
128 347
76 129
434 681
760 550
320 755
195 277
108 626
553 907
899 659
834 996
808 727
40 609
203 519
815 508
599 277
749 136
970 656
921 905
959 957
892 368
731 562
400 488
933 210
200 938
498 691
374 102
583 918
565 391
387 584
410 312
835 641
785 116
127 251
284 820
192 104
933 389
311 273
358 894
524 678
373 200
391 473
874 431
67 16
468 316
287 280
230 871
990 345
614 549
853 591
504 295
213 736
988 298
148 545
832 966
992 23
395 248
477 699
366 605
292 832
645 836
146 782
541 915
948 907
570 732
413 878
791 495
63 916
817 112
232 400
272 555
534 439
223 850
498 335
146 875
650 654
883 64
704 605
962 625
195 66
570 122
676 849
385 494
774 361
208 215
321 488
572 18
938 303
180 293
219 457
556 968
180 368
172 961
856 786
532 33
720 193
316 660
578 291
1000 81
998 716
929 496
437 340
706 159
502 890
89 135
548 922
572 74
632 747
173 799
155 316
122 825
468 813
179 434
130 626
705 974
504 761
372 405
29 396
208 561
411 244
583 122
217 261
808 352
627 846
433 417
322 600
641 768
951 615
202 34
790 419
861 929
357 646
283 303
461 86
863 845
295 848
956 14
614 630
404 118
106 809
857 759
273 422
111 269
97 58
465 702
603 880
515 166
936 881
738 293
791 301
315 92
465 719
71 891
331 982
278 819
724 871
873 363
413 984
451 285
827 86
186 82
389 423
135 111
50 517
141 730
733 768
292 602
152 205
707 893
953 177
552 622
189 851
206 819
289 865
873 22
871 519
307 664
15 715
149 401
4 463
319 65
