1000 9885
671 508
379 314
498 110
664 70
151 648
9 183
636 386
616 703
237 201
845 394
42 457
406 830
673 818
299 298
85 373
912 991
394 586
270 217
829 630
26 837
243 761
635 203
502 838
252 377
56 468
679 148
942 958
967 153
654 490
39 650
725 611
428 899
810 359
744 767
339 837
89 302
587 27
92 923
772 191
574 359
615 585
544 182
763 314
925 967
178 76
63 107
115 731
723 920
64 107
505 399
163 369
625 398
149 686
791 83
760 403
408 616
508 902
358 861
852 99
671 745
158 564
948 702
606 950
455 926
499 342
562 8
260 256
978 343
857 860
258 361
41 527
44 346
742 257
412 768
969 235
54 775
880 570
440 919
956 487
836 861
158 865
620 564
326 683
572 823
868 590
390 404
111 944
777 538
704 534
409 702
216 924
949 828
358 771
261 282
445 749
119 506
289 65
197 712
275 402
298 785
116 568
545 368
764 892
886 585
215 948
165 464
518 356
664 465
977 894
359 926
32 506
87 604
436 340
441 570
961 435
34 900
728 418
571 956
807 724
888 808
597 128
526 132
640 519
95 215
448 8
981 146
51 85
201 832
164 348
627 774
990 668
855 920
814 498
558 820
411 301
306 61
683 761
904 762
554 614
187 371
173 188
503 993
771 251
315 23
10 619
591 898
69 12
701 727
150 327
361 454
823 36
1 149
76 879
847 162
426 650
372 270
177 500
819 901
20 806
243 87
741 764
840 212
45 223
91 411
147 413
955 306
146 861
428 338
357 116
638 991
418 918
310 810
718 87
777 903
635 695
137 288
300 276
548 562
788 1
57 505
920 953
171 1
66 377
157 46
379 226
821 455
953 55
423 175
119 252
502 748
449 272
194 625
501 556
911 27
990 736
5 428
854 83
469 63
161 742
930 787
520 315
259 273
152 927
466 967
614 890
476 668
633 519
425 74
763 132
526 96
655 260
700 659
853 507
106 528
35 532
364 216
900 332
832 156
348 423
895 225
752 113
292 28
495 759
907 471
705 301
306 440
965 464
601 364
654 486
782 731
580 992
207 80
135 983
49 402
68 394
351 736
147 625
514 252
788 899
524 482
183 971
81 513
745 554
743 19
598 754
766 368
438 191
917 940
359 399
559 653
872 286
568 816
572 776
758 615
779 430
854 870
710 762
77 311
295 320
903 1
638 104
474 485
310 135
148 102
77 136
354 783
84 57
246 769
177 754
870 537
137 348
275 427
360 19
707 137
270 416
72 359
901 258
690 771
855 223
927 562
677 811
803 608
112 258
703 27
618 545
198 721
168 244
346 876
830 410
483 13
606 39
235 604
327 388
352 848
446 274
378 172
569 253
610 979
350 206
174 632
382 767
493 702
978 798
78 1000
706 465
544 60
429 937
268 340
911 642
74 391
257 749
467 861
277 738
497 88
725 228
361 945
269 126
933 471
719 506
280 386
60 69
577 469
575 614
321 663
328 405
311 372
477 108
683 705
960 74
197 125
970 959
587 531
966 451
900 981
818 330
837 62
361 269
287 29
453 293
550 925
789 315
721 541
248 214
309 742
932 77
894 387
128 216
92 137
702 726
793 218
262 491
261 404
758 754
341 678
875 562
733 944
916 144
534 707
439 517
233 886
234 473
420 764
781 959
973 195
77 910
649 277
557 388
544 557
143 39
110 46
493 94
313 264
207 912
152 650
834 954
436 194
574 808
961 293
320 427
602 49
469 6
894 825
704 915
133 319
934 35
938 942
98 195
709 993
622 790
751 630
700 740
972 321
773 880
66 916
469 457
677 148
532 745
202 244
14 831
351 917
496 819
13 12
452 636
2 319
960 860
277 631
824 856
992 904
274 587
995 751
504 210
875 69
468 373
197 81
948 703
606 951
421 537
888 312
481 230
27 702
943 900
163 430
41 526
887 811
598 969
768 551
280 906
54 772
811 763
500 804
659 831
197 772
351 336
684 282
86 516
233 48
492 811
932 728
185 821
827 425
73 616
57 371
185 166
464 155
54 76
33 490
842 828
441 125
924 638
48 297
195 426
471 297
339 649
712 367
387 439
481 922
720 589
801 207
257 563
967 862
82 183
701 144
493 979
632 693
890 409
467 355
153 618
184 166
203 66
611 321
556 582
504 707
584 903
785 848
994 314
488 977
958 321
503 444
951 904
147 760
64 170
653 830
621 138
344 202
87 786
61 179
279 124
744 619
891 652
396 184
216 833
182 617
257 582
957 505
175 937
191 929
766 635
288 640
553 148
2 178
847 286
297 470
317 523
671 716
378 523
549 160
552 92
382 243
590 564
120 621
975 122
443 93
337 434
796 607
706 697
819 742
269 761
456 448
884 896
462 218
603 552
395 47
768 515
16 792
975 408
391 955
728 603
505 998
306 721
626 730
510 369
439 943
522 481
552 664
268 409
869 135
752 923
189 666
945 712
432 997
237 878
826 189
440 496
811 163
461 358
318 497
928 389
391 639
927 601
949 243
698 371
57 105
922 856
302 837
758 166
588 751
711 424
783 604
19 146
57 843
186 641
146 972
947 814
146 115
565 856
293 480
995 759
374 245
364 59
517 401
810 173
829 415
729 27
605 130
511 949
938 777
335 379
725 207
601 81
14 292
771 427
610 129
629 355
748 119
145 356
383 476
340 333
442 494
387 291
154 474
926 852
139 386
932 205
75 628
525 80
509 338
796 524
11 716
505 311
178 375
549 324
625 550
239 610
187 15
689 833
541 992
12 242
380 532
641 742
789 294
828 268
608 840
524 21
201 36
839 652
370 433
637 365
106 503
768 670
1 912
96 840
329 820
390 93
817 199
309 419
850 905
372 453
277 879
391 701
197 766
318 219
43 136
301 592
81 609
214 802
551 880
661 272
829 910
909 834
850 683
191 97
449 322
366 753
310 593
316 662
372 156
617 349
998 706
748 753
105 625
397 627
129 641
21 915
708 563
520 341
273 830
441 512
118 264
374 166
191 468
783 176
397 422
307 176
991 66
829 419
867 112
207 499
777 344
136 336
765 881
658 77
161 995
313 930
476 528
799 684
726 644
69 399
658 220
787 512
205 895
611 196
540 216
781 226
606 73
476 310
82 38
157 877
840 561
744 829
970 956
982 367
139 987
41 896
689 796
176 681
837 172
912 125
71 740
129 357
662 73
499 493
906 535
942 169
157 655
544 442
770 486
241 870
810 999
680 581
429 315
965 153
876 612
346 491
698 772
936 913
849 496
958 722
850 75
944 396
764 517
488 792
175 792
825 639
680 406
510 393
521 662
774 320
832 625
262 116
394 52
603 318
361 191
489 370
167 809
299 241
746 298
51 880
237 933
350 732
171 59
138 128
604 819
298 970
906 141
939 79
392 154
534 780
848 3
496 632
692 444
804 587
889 517
143 452
264 35
356 393
910 414
895 612
151 233
810 210
829 342
257 310
855 550
471 825
419 118
423 481
880 481
348 527
517 378
169 388
559 227
136 267
508 965
786 269
774 966
611 224
456 515
466 337
139 637
156 565
729 365
689 943
157 881
966 413
842 135
326 892
364 455
580 535
106 154
343 731
418 782
889 307
465 297
796 747
67 525
128 903
310 435
304 120
806 947
664 1000
295 442
353 525
245 535
731 202
132 490
819 984
578 933
975 677
695 431
992 275
367 149
993 590
873 240
214 296
640 191
381 313
972 764
664 53
574 536
371 767
267 520
293 536
811 215
758 412
69 993
769 767
772 714
902 829
17 735
570 901
95 930
976 436
450 775
525 241
169 181
721 384
961 433
670 459
764 290
583 798
749 50
309 129
994 315
977 687
934 522
196 809
35 749
678 65
257 699
978 999
763 363
602 679
985 213
307 449
936 271
903 693
191 851
434 964
507 646
255 108
700 495
356 236
442 459
465 986
525 212
280 628
91 786
123 982
128 726
805 164
348 817
258 41
335 53
687 320
241 972
859 223
221 174
211 488
304 262
267 394
250 590
876 398
879 537
760 143
119 916
675 486
749 809
366 567
526 992
742 434
580 297
139 302
836 179
429 259
182 367
736 103
646 692
25 142
203 822
742 13
68 84
106 291
733 838
938 175
534 281
257 291
258 540
354 873
171 357
172 186
935 287
2 537
280 235
959 405
745 25
289 99
536 476
345 198
302 987
817 533
531 739
950 747
642 728
133 963
171 144
228 455
321 291
319 1000
506 737
41 619
801 234
708 623
13 911
711 312
90 258
518 728
636 793
319 607
722 665
195 894
189 63
763 134
654 91
164 483
682 352
320 33
339 895
72 642
142 286
532 674
809 99
241 808
245 105
691 67
710 173
35 487
439 345
633 976
689 614
486 988
107 9
434 891
897 625
273 447
662 819
774 967
993 488
996 921
692 718
658 554
440 883
6 582
23 892
505 679
936 807
758 636
160 428
289 707
767 872
415 135
793 83
229 377
710 760
215 314
966 534
183 280
831 412
922 408
173 655
907 68
489 13
694 140
778 251
63 887
135 298
232 177
124 359
604 185
898 560
593 168
665 299
225 748
731 38
698 421
938 372
560 398
742 922
85 493
432 529
293 720
60 829
77 889
25 678
190 168
526 518
603 145
915 13
627 279
61 709
173 907
539 611
686 924
640 308
130 990
333 561
486 482
550 154
920 155
458 322
938 968
425 27
869 592
598 118
987 616
575 642
954 48
526 66
341 376
883 599
184 445
539 245
117 481
118 90
981 328
19 621
297 371
923 195
122 530
808 129
340 294
123 926
678 506
827 796
440 256
27 724
697 760
769 626
965 102
692 674
716 969
35 525
662 78
372 102
524 939
317 675
926 595
177 80
675 465
783 954
110 662
456 25
851 626
680 264
889 918
529 549
823 927
456 247
208 392
262 117
954 844
247 352
383 789
975 625
182 634
945 646
530 876
876 922
314 479
371 738
891 491
341 902
731 2
772 576
976 225
388 841
228 8
484 914
466 645
117 784
613 955
116 709
617 312
488 356
108 693
574 731
212 851
259 589
668 311
407 477
744 949
588 254
124 39
156 114
322 358
566 525
718 771
240 163
309 877
333 934
139 769
486 600
386 890
190 640
504 903
420 394
198 255
289 241
753 436
725 134
139 751
16 370
18 672
737 728
115 732
153 959
631 764
779 991
600 80
467 91
486 789
970 78
917 581
684 976
443 962
193 575
124 773
287 221
315 12
244 158
179 621
606 836
676 325
63 715
234 103
625 894
755 699
457 988
405 100
319 418
546 610
638 196
968 464
171 577
436 590
680 484
205 311
529 513
953 461
495 82
211 523
993 589
116 916
483 395
157 214
603 394
860 724
931 403
578 580
794 953
742 979
923 839
752 863
294 22
294 288
132 411
797 407
696 886
34 869
146 363
700 838
935 41
892 138
432 680
307 772
808 767
237 59
368 310
497 406
83 813
725 358
307 181
34 583
221 967
369 860
985 445
207 660
958 500
523 649
49 862
89 109
515 521
329 574
258 312
980 340
994 312
871 185
388 353
246 469
598 190
467 424
340 154
199 929
293 44
922 700
351 890
706 279
88 34
236 426
93 303
425 781
924 369
528 682
526 421
503 732
876 90
606 119
277 393
494 897
600 44
253 538
219 662
930 604
405 309
120 849
796 554
602 873
841 151
656 480
457 158
790 72
838 196
608 853
202 682
301 166
214 649
219 805
707 536
784 287
233 18
778 713
6 814
453 541
223 651
578 902
560 133
690 568
86 657
147 271
257 339
186 363
3 702
206 878
635 584
854 682
600 821
309 111
94 783
812 378
502 624
67 181
967 542
129 522
217 881
366 338
612 430
990 968
209 501
212 572
967 828
436 132
40 613
441 746
762 654
985 485
821 791
915 462
790 718
576 710
610 785
393 472
624 754
297 116
892 483
86 430
434 135
784 697
628 777
79 723
446 550
517 270
201 865
239 793
844 717
719 483
634 9
620 36
527 1000
952 534
60 19
723 853
61 326
202 492
495 609
387 690
258 445
318 885
28 727
214 826
510 177
851 215
708 308
985 178
733 550
14 785
129 57
701 617
940 999
245 605
712 926
822 455
953 404
439 909
940 118
577 852
727 350
306 834
399 291
220 284
228 823
346 166
328 869
113 753
664 255
332 853
644 274
342 410
272 860
80 857
439 704
997 214
85 492
53 78
1 180
66 366
612 371
460 64
190 169
47 544
379 112
968 563
826 433
575 94
83 884
365 669
485 612
877 930
678 861
649 41
907 643
563 431
964 726
89 52
640 676
382 659
554 86
497 303
373 884
799 904
252 98
918 502
398 839
40 895
369 53
499 770
526 67
875 431
69 508
536 659
978 940
995 790
650 1000
625 277
308 999
956 923
838 467
16 422
80 797
675 754
686 967
962 177
933 310
292 130
847 478
406 158
193 707
658 527
75 739
791 297
175 708
513 413
131 849
906 740
357 838
547 234
91 853
141 581
777 657
704 415
45 233
301 895
569 535
756 419
149 187
944 29
492 285
713 464
123 65
881 950
882 457
148 5
445 709
114 174
775 313
980 905
722 746
366 40
95 682
707 696
690 802
509 544
557 530
461 445
986 236
919 752
351 466
651 546
602 60
786 839
109 28
717 989
665 919
688 557
86 244
252 740
256 665
350 169
98 222
557 837
908 581
444 516
86 359
626 360
314 930
900 481
939 525
665 890
636 945
50 300
493 560
903 851
335 317
62 607
869 853
908 939
389 858
295 995
235 393
957 466
121 114
734 727
729 371
400 97
420 108
611 883
598 607
416 1000
218 923
715 204
227 971
139 349
840 446
272 314
864 292
257 138
510 294
524 72
219 984
20 671
409 864
67 668
255 698
305 279
513 362
966 716
932 372
111 847
737 244
132 832
538 975
654 802
234 262
437 163
555 512
278 573
393 488
492 693
138 211
447 47
696 537
950 402
205 233
977 80
336 88
392 346
263 457
364 5
788 216
488 869
170 211
111 934
206 557
233 625
380 224
627 289
461 417
47 85
817 713
532 538
773 46
786 171
678 869
570 626
403 614
99 54
743 833
159 351
502 977
303 160
730 380
169 196
634 128
189 25
430 819
236 20
735 114
627 925
973 697
122 95
620 434
964 972
878 526
921 579
403 980
725 876
282 143
726 706
130 459
630 110
192 176
505 431
435 468
723 521
992 919
224 257
176 740
999 236
2 514
519 517
371 323
362 2
714 511
965 686
899 323
499 423
120 48
136 821
747 381
250 703
269 103
724 731
976 665
331 914
671 124
767 967
366 932
927 151
163 826
663 633
25 829
381 456
980 739
436 833
823 887
650 411
754 696
634 595
252 249
792 123
91 189
574 570
702 463
993 729
261 139
255 795
225 928
584 377
989 958
955 754
646 806
85 297
804 793
219 303
311 827
293 284
554 902
730 161
108 269
180 130
971 137
60 488
152 995
229 731
584 934
325 540
308 750
754 362
9 655
562 445
416 647
808 393
257 645
347 945
889 354
412 755
253 731
179 232
821 601
675 418
869 452
545 559
782 812
337 691
594 648
689 612
529 243
89 516
701 789
371 430
529 140
931 791
456 400
645 830
595 511
483 953
567 893
71 658
149 964
611 617
723 35
816 335
357 801
823 4
827 65
480 340
245 604
481 936
340 960
271 582
82 243
426 509
903 125
564 827
336 258
392 564
963 191
637 76
251 753
163 935
320 822
124 464
200 416
807 199
739 533
688 341
53 312
564 226
232 81
693 236
307 929
108 595
256 400
935 240
530 430
904 284
647 572
463 723
104 314
569 144
648 769
189 383
230 853
123 487
889 145
666 830
47 862
578 113
249 445
601 144
506 84
714 913
734 340
938 857
490 857
910 163
827 707
265 898
987 921
70 991
244 998
745 863
173 478
874 637
452 683
839 809
418 519
364 335
902 412
460 890
162 512
70 249
370 671
252 153
687 378
550 656
601 56
917 257
480 18
978 497
871 791
874 174
413 546
803 230
401 118
651 298
580 476
266 772
367 111
582 262
129 4
955 144
806 978
561 57
642 147
984 896
660 443
788 368
955 257
150 621
137 642
390 60
414 182
438 296
150 732
120 437
817 369
233 890
590 94
811 863
561 884
212 800
48 257
764 196
525 866
825 56
756 608
795 656
137 94
981 837
673 124
748 720
308 17
613 778
139 746
394 710
569 172
477 535
995 198
942 963
104 421
531 104
347 731
386 713
260 178
192 792
601 236
710 446
863 84
544 92
528 561
782 970
87 778
808 321
95 271
64 241
528 432
875 283
892 667
456 635
884 539
187 765
403 808
460 783
779 977
373 26
563 70
620 109
378 640
253 628
456 714
255 218
793 717
775 549
984 34
754 886
23 817
606 842
206 340
723 106
247 607
913 582
21 193
225 366
962 406
861 313
417 112
116 240
558 267
742 100
101 356
590 759
506 522
935 743
556 216
59 848
815 877
48 463
530 831
658 789
517 707
348 434
641 203
155 782
228 200
599 971
837 594
632 355
381 310
147 354
24 151
137 408
691 865
87 132
53 20
181 79
313 191
8 651
672 356
318 424
380 225
808 850
365 115
722 564
178 598
773 45
151 905
208 833
194 492
605 974
401 206
554 412
661 664
186 888
924 62
691 733
126 834
787 238
181 515
441 465
925 644
106 662
397 491
588 962
147 764
593 604
120 518
472 387
308 553
494 788
596 324
395 615
822 770
515 950
610 104
576 184
634 98
28 559
406 541
362 353
563 801
214 941
417 653
715 700
475 435
281 110
562 41
728 769
819 746
197 194
589 704
342 973
370 566
813 504
282 320
709 39
604 259
362 914
552 382
2 835
409 72
161 434
146 886
110 575
515 387
129 76
794 342
716 939
475 127
257 288
779 103
927 807
458 774
129 878
659 210
7 773
105 383
967 651
322 138
589 149
114 247
422 260
266 272
142 647
110 123
609 936
704 900
84 656
782 471
323 494
689 349
240 432
26 791
8 310
815 533
319 890
13 571
570 932
972 80
797 155
726 35
873 557
178 973
195 569
751 724
187 889
702 8
26 553
613 723
523 695
913 279
72 157
313 663
830 172
479 262
190 719
194 496
970 339
165 310
889 353
849 443
22 887
739 483
35 240
830 910
359 466
549 110
397 241
715 378
202 411
424 764
645 539
652 361
339 94
32 566
107 10
643 118
757 124
741 839
357 868
637 918
306 316
533 587
326 955
954 496
634 344
193 662
712 674
396 269
736 312
609 46
811 694
828 264
245 309
870 151
229 277
643 599
766 452
550 769
15 991
671 224
950 57
128 96
826 123
703 411
388 562
444 592
397 828
968 200
842 737
232 195
929 476
327 716
970 627
42 332
959 27
102 568
969 613
332 920
953 86
699 566
103 934
952 410
536 298
55 898
833 361
542 275
857 355
565 82
749 213
342 213
661 623
166 7
829 733
471 8
907 995
838 533
565 582
181 714
455 479
65 33
62 480
708 733
736 954
588 955
132 698
240 9
94 180
957 234
298 441
283 7
265 560
239 974
781 141
69 395
508 957
973 977
758 105
109 523
482 927
671 755
672 691
446 802
887 941
641 597
453 159
515 172
900 978
794 125
637 555
943 604
547 287
659 953
624 442
17 223
903 322
229 265
50 427
481 471
521 777
404 139
613 403
708 441
266 148
562 428
864 215
25 843
427 939
284 976
671 196
855 299
250 982
824 581
552 596
385 339
168 861
975 626
390 204
774 936
474 117
627 41
96 431
793 511
281 531
466 753
824 419
862 511
824 811
356 505
156 312
674 189
802 486
608 441
368 702
590 377
646 191
460 102
177 844
878 52
51 709
593 452
668 306
856 530
696 955
705 819
874 922
857 232
621 127
288 189
152 283
932 822
294 967
947 287
504 539
140 473
69 589
730 265
217 250
773 374
916 934
611 6
596 434
668 868
516 866
450 624
937 98
463 234
182 646
242 133
766 576
110 996
588 524
455 519
631 599
923 337
49 332
714 118
848 115
891 272
81 563
425 577
671 868
197 237
35 158
552 500
914 647
420 645
700 148
598 831
177 113
768 572
72 153
742 737
480 430
410 457
824 771
699 69
591 211
557 31
978 244
602 842
90 980
661 1
612 625
25 807
216 866
695 651
932 596
493 394
538 751
152 94
372 569
319 18
877 548
396 793
212 588
133 858
595 611
134 173
963 7
746 413
949 216
512 986
661 340
209 381
483 362
755 278
994 610
186 551
5 33
7 599
156 179
825 196
646 298
192 583
14 163
565 138
108 299
90 298
294 94
743 835
759 915
127 494
327 216
978 848
289 557
109 800
564 998
169 91
207 439
814 389
933 25
917 900
386 972
279 123
796 775
339 980
122 460
749 737
625 467
771 451
365 728
886 410
407 791
602 965
306 134
624 149
40 486
81 654
10 642
107 446
720 995
97 100
119 995
546 675
380 525
291 4
845 597
315 410
941 194
452 17
594 230
131 636
405 133
962 834
157 484
893 826
620 534
141 651
687 533
128 790
242 716
43 389
210 366
86 549
413 779
968 94
567 430
272 597
862 894
775 93
63 863
927 806
824 637
200 311
190 342
46 986
205 139
190 289
941 535
105 271
128 338
42 504
929 580
837 855
241 72
95 893
930 458
147 972
982 373
204 171
242 370
686 531
565 238
870 394
97 762
319 144
441 600
429 731
1000 681
319 603
418 134
179 460
87 751
271 484
458 189
636 900
909 290
783 377
342 539
398 793
202 166
9 542
283 632
301 272
179 234
530 810
481 470
49 682
196 559
89 665
918 306
614 589
672 680
680 99
398 682
439 458
757 123
779 617
373 322
196 717
857 525
159 429
419 102
343 958
577 670
562 202
429 65
758 58
54 157
235 510
68 807
978 410
651 256
194 685
663 19
145 923
685 33
508 316
91 332
399 447
359 421
449 906
875 588
91 509
608 193
276 180
77 130
542 852
525 922
272 704
56 202
574 581
612 664
24 161
86 803
388 849
850 676
635 966
981 574
998 628
329 959
595 909
152 692
262 713
247 389
602 180
159 851
534 869
132 237
631 291
561 697
946 649
748 637
102 615
198 602
556 628
731 117
920 599
229 765
715 170
826 769
593 522
758 332
80 611
754 772
378 904
986 587
169 403
300 707
744 537
741 814
784 752
933 465
735 965
459 598
117 414
908 785
676 309
295 841
739 367
390 615
407 863
690 89
709 331
828 463
405 362
631 570
31 224
628 300
41 532
334 435
69 338
158 464
589 647
404 805
207 8
231 878
253 146
373 304
868 593
188 547
339 441
125 88
71 918
2 699
721 817
263 192
153 263
894 276
27 661
113 513
367 124
3 799
885 767
512 483
324 321
20 58
759 575
506 579
220 831
588 389
755 140
938 340
425 447
815 750
712 377
930 272
950 727
62 14
704 973
635 851
545 79
673 114
602 136
802 342
56 108
24 653
518 378
136 132
617 461
1000 451
587 677
934 458
773 88
28 1
229 640
952 149
916 560
494 540
297 32
886 866
208 645
728 693
344 128
274 272
95 248
979 922
970 360
255 486
718 970
402 492
712 362
750 156
61 169
541 639
292 451
46 182
265 781
784 875
841 366
308 885
204 768
380 717
893 578
438 863
679 823
481 248
27 692
693 987
840 417
883 453
240 577
850 262
192 484
68 351
343 327
325 328
897 863
261 720
873 328
14 1
223 770
244 209
133 534
261 609
85 877
86 542
140 674
694 217
220 336
556 218
522 326
206 999
284 565
780 914
584 19
414 144
788 389
437 209
384 963
371 853
725 814
524 399
51 851
270 499
306 920
314 511
610 863
157 67
752 851
167 46
371 627
449 269
358 863
310 530
89 831
890 560
30 653
475 590
901 102
298 205
322 215
530 272
469 36
881 108
973 596
703 319
764 319
9 717
107 981
169 201
577 196
27 167
669 748
763 241
502 71
245 938
783 356
678 122
437 984
191 713
620 429
883 869
592 406
478 383
726 871
361 627
749 736
438 537
277 405
4 435
297 335
111 32
192 179
46 210
586 463
511 322
171 783
739 469
745 678
338 244
432 369
608 762
149 828
857 991
107 334
272 281
291 7
2 942
25 119
281 29
395 37
366 568
727 939
266 218
680 452
55 452
591 182
336 650
262 166
871 870
106 300
713 284
162 10
573 760
388 600
12 520
191 2
426 294
299 60
802 77
161 179
698 394
493 254
664 22
205 138
636 338
640 72
747 843
24 846
203 937
632 505
24 248
229 917
200 613
347 502
649 593
186 568
796 305
501 565
895 709
930 459
604 534
570 930
938 78
796 416
872 198
753 69
794 153
316 861
759 43
378 2
282 119
786 29
914 102
952 845
346 548
406 330
264 335
526 107
416 666
682 365
539 236
549 923
628 900
41 140
763 507
343 971
400 29
993 370
850 591
706 537
523 383
84 933
676 353
453 40
257 981
302 850
568 985
383 312
819 334
79 19
267 701
980 334
125 337
516 552
166 865
832 845
998 752
232 521
55 443
258 731
151 374
279 691
103 399
380 752
509 980
36 452
560 214
337 195
48 58
106 256
551 520
441 221
43 369
9 417
944 196
216 859
452 443
243 342
816 910
601 680
325 484
603 502
968 857
567 339
773 304
993 762
601 729
342 9
364 593
727 681
996 30
782 433
716 507
638 348
165 401
260 443
62 107
320 439
565 80
269 435
34 536
421 200
539 573
167 468
886 916
209 614
32 57
674 1000
877 47
167 421
743 650
501 299
526 212
93 697
844 271
863 125
97 630
482 200
374 90
877 337
922 217
520 60
903 875
631 870
407 120
874 745
987 922
809 66
67 872
818 912
748 81
109 521
204 739
667 221
88 316
642 277
387 658
306 478
823 327
951 434
58 335
921 203
335 153
819 548
126 54
789 324
884 966
421 832
228 610
104 528
859 640
20 886
564 875
232 500
125 87
228 163
206 904
978 161
500 749
391 782
872 632
543 408
530 873
161 138
489 261
699 886
665 266
774 100
65 598
122 673
216 678
656 579
316 207
290 321
213 150
761 974
794 977
122 528
285 218
146 256
879 246
76 193
947 590
712 457
713 784
436 201
388 84
784 403
247 25
449 66
892 210
744 759
919 637
873 747
765 973
839 458
674 360
571 936
221 623
479 459
269 185
91 723
41 42
994 384
79 742
288 413
37 62
420 138
973 866
23 511
734 81
26 176
980 49
840 708
107 71
862 437
934 998
858 1000
395 858
602 926
288 746
718 532
135 788
474 608
185 755
149 904
335 893
762 459
46 256
12 176
325 771
645 501
538 88
392 770
263 1
563 519
802 981
489 54
105 137
736 81
850 799
258 643
522 500
558 270
390 396
484 383
466 798
175 826
234 258
383 935
350 366
491 250
176 151
766 252
125 236
992 297
99 529
206 791
246 832
462 701
232 142
547 889
653 308
549 105
149 445
225 815
145 339
850 725
962 339
545 505
873 788
53 130
136 210
817 717
535 883
62 35
445 169
913 883
807 895
701 472
114 658
351 67
833 192
209 686
41 501
287 269
70 888
52 787
473 834
221 740
536 672
350 24
351 865
173 513
818 886
965 741
160 372
792 889
634 254
562 371
16 37
622 535
593 883
817 629
249 965
984 400
676 334
951 724
936 19
511 333
149 714
757 101
183 907
317 516
603 771
378 530
206 260
941 175
598 750
127 948
966 258
272 282
606 805
694 408
396 763
642 255
824 220
955 108
712 871
550 815
76 476
303 46
614 431
484 275
513 251
422 601
668 769
438 790
897 245
312 339
257 342
560 9
652 68
772 630
502 871
775 381
467 926
837 964
234 683
458 743
898 840
446 28
603 139
541 978
221 772
94 530
459 147
248 926
63 285
901 89
891 101
108 265
203 103
131 450
596 534
708 740
198 286
843 87
972 305
917 387
709 930
247 999
151 253
374 494
112 185
867 315
174 945
191 893
457 67
648 308
634 389
211 172
970 899
278 962
429 46
895 463
805 979
267 428
913 626
533 953
153 436
10 390
67 715
999 498
851 331
174 476
586 932
698 218
861 382
534 332
298 556
814 684
138 437
674 323
965 448
822 75
401 813
609 382
901 616
217 873
876 820
197 743
855 546
582 730
401 591
975 953
228 18
1000 203
158 381
329 957
959 149
856 906
599 210
433 975
125 615
937 591
313 357
613 786
29 353
963 652
473 152
381 831
554 83
493 805
556 517
597 223
288 259
454 144
790 606
596 409
613 581
981 225
766 841
711 56
94 74
884 306
504 992
801 564
214 413
667 47
466 356
451 712
641 904
2 194
170 924
910 988
625 618
865 219
667 845
944 726
235 335
54 641
616 898
591 75
980 466
908 343
550 996
664 915
350 375
445 734
377 16
140 696
966 628
620 52
145 790
738 655
506 879
819 882
894 282
346 276
498 507
7 825
301 540
270 533
458 861
332 886
487 10
513 973
739 565
406 836
647 382
433 922
765 377
677 759
882 55
20 282
336 159
669 115
872 97
691 551
85 380
398 411
385 796
172 700
433 836
530 298
866 498
155 275
229 654
432 151
416 997
146 178
94 260
817 553
264 185
446 641
677 267
805 454
532 514
991 431
717 53
117 350
924 500
946 284
964 981
144 310
311 434
41 186
773 649
117 463
889 286
838 822
75 983
97 883
559 9
266 736
908 823
720 188
486 783
417 884
457 27
511 168
26 32
267 278
583 260
586 56
163 457
845 733
826 498
279 423
391 169
88 392
880 932
537 325
221 244
27 551
654 704
590 706
30 697
336 529
874 17
909 526
751 437
788 673
1 49
958 753
975 317
390 397
214 577
550 526
489 454
56 607
223 669
499 157
262 75
48 451
747 579
470 814
401 757
681 849
578 559
642 106
45 490
999 118
530 842
397 833
163 611
55 195
204 333
955 527
833 667
315 940
523 195
543 268
290 354
941 577
838 807
674 220
893 456
598 299
954 700
562 861
209 387
268 976
893 441
125 559
683 139
220 773
204 130
174 311
634 210
622 984
554 408
905 242
71 67
271 397
554 43
593 711
393 148
743 717
943 511
913 184
217 219
748 947
353 299
30 847
469 501
454 107
113 427
193 499
784 826
967 299
515 954
495 730
888 638
870 562
562 451
799 498
692 578
70 170
897 622
520 979
689 972
232 881
434 801
862 289
371 326
281 114
102 234
68 302
675 286
380 520
36 204
935 976
429 736
603 544
107 721
126 79
457 994
42 784
757 311
7 466
580 272
728 547
395 436
767 962
915 717
292 564
186 19
280 980
758 643
177 380
106 298
322 552
347 12
112 919
464 224
485 182
103 587
659 577
731 619
974 458
632 285
471 186
844 373
694 965
146 679
350 671
485 819
318 505
216 671
859 183
364 623
57 113
403 93
525 540
50 358
517 854
276 580
460 169
777 249
744 100
542 315
873 896
947 649
17 700
327 411
645 50
96 807
354 279
781 562
69 736
934 16
627 606
42 168
644 20
83 956
100 998
963 544
857 37
758 359
99 166
356 735
195 859
14 445
166 328
577 87
889 357
706 373
320 56
417 978
246 162
856 402
813 998
344 861
951 650
227 552
967 748
356 908
984 365
163 304
787 714
644 705
331 710
371 437
245 404
710 70
857 530
127 848
511 497
874 183
349 171
571 381
956 305
656 413
879 683
244 498
918 355
976 521
278 527
48 60
945 770
231 549
508 174
163 989
898 408
858 404
548 456
502 551
400 39
695 322
664 116
994 967
412 604
885 826
209 297
321 407
95 582
734 797
440 3
259 969
5 213
51 427
158 397
682 779
76 46
652 999
229 536
565 94
269 433
489 875
126 493
717 819
520 369
332 279
164 928
528 812
468 823
711 277
363 427
145 252
347 754
144 948
199 982
916 910
792 660
453 454
338 630
415 526
479 726
972 421
313 800
351 952
818 831
395 594
692 996
605 581
311 478
370 950
919 31
49 715
179 888
632 513
533 367
165 821
719 370
685 521
443 959
631 646
178 384
788 825
899 480
921 344
408 389
139 311
178 275
692 347
294 126
880 953
172 309
870 804
818 323
310 431
434 717
21 168
600 154
461 785
758 553
797 983
395 111
894 57
71 770
664 916
612 215
101 331
817 138
323 961
251 256
272 513
384 75
925 496
166 796
723 288
724 591
512 375
932 572
717 258
239 66
647 91
560 67
584 73
660 166
698 465
484 10
195 441
893 178
252 62
569 356
842 912
111 245
351 314
9 189
90 766
234 736
789 728
114 394
99 290
962 252
416 24
90 419
556 708
732 798
237 481
937 315
222 335
973 429
152 945
706 882
549 750
217 77
271 424
832 446
886 865
688 690
51 210
236 46
364 123
888 901
27 77
602 992
434 73
148 943
274 670
539 214
979 415
302 176
415 371
957 492
500 361
230 694
585 901
808 100
644 778
985 468
676 187
309 958
736 390
386 185
471 219
813 382
615 950
145 363
715 612
610 274
519 684
262 415
814 920
780 216
124 994
180 828
452 57
435 781
594 254
650 572
870 83
23 260
46 369
695 904
861 308
241 651
370 497
98 832
119 686
51 950
785 656
916 206
112 876
353 630
798 174
709 139
988 808
3 892
868 854
870 268
103 833
145 237
682 542
369 265
24 156
835 52
678 32
696 654
733 653
539 808
835 197
748 674
700 861
440 59
815 636
800 811
618 622
34 751
420 532
243 735
338 909
564 163
360 897
949 375
734 759
810 47
123 418
17 497
939 619
524 603
208 612
887 444
959 531
585 758
360 703
107 966
761 405
524 599
325 836
622 682
582 639
408 688
761 262
178 102
348 666
408 735
250 372
72 588
292 407
719 298
650 879
723 815
540 399
432 372
572 545
510 13
439 19
900 519
139 745
629 560
25 594
373 283
837 108
968 277
990 394
774 599
210 72
874 227
127 669
111 760
785 739
257 394
394 101
362 689
549 73
592 606
963 571
21 450
190 459
137 733
472 748
966 972
660 239
850 813
635 577
449 716
927 947
410 12
573 983
393 5
553 81
451 696
94 641
590 266
385 697
225 954
669 137
483 138
735 889
416 315
30 349
603 141
159 891
588 351
825 123
530 480
70 553
751 866
990 750
900 242
612 36
722 676
961 484
159 921
790 705
166 111
666 381
596 528
540 572
268 731
511 815
170 757
734 269
658 908
40 793
683 561
856 411
423 183
809 107
352 650
558 942
819 446
197 510
179 799
258 30
623 856
495 761
23 150
10 723
887 599
926 861
374 654
931 681
783 648
552 146
719 270
760 469
830 749
173 150
978 381
773 162
573 341
482 726
504 386
72 838
721 559
870 136
428 123
497 920
126 104
864 81
681 637
978 41
686 270
103 392
237 662
115 70
387 887
177 671
362 661
536 354
681 799
684 106
964 138
800 518
933 726
684 136
261 233
725 596
742 914
1000 205
672 911
351 475
146 491
380 183
328 586
755 293
518 3
480 773
584 667
143 122
327 489
493 1
460 206
753 158
835 298
425 160
587 701
894 779
860 879
791 559
361 485
691 747
416 987
606 506
626 492
294 988
406 762
27 243
504 516
247 852
967 63
919 312
633 553
117 376
796 165
341 256
936 288
592 450
576 967
153 570
652 548
224 481
403 786
79 813
945 391
448 249
434 331
231 166
359 493
508 809
356 645
134 239
2 192
370 390
996 982
409 194
846 751
106 796
951 286
221 125
315 248
119 769
466 388
275 854
847 78
336 920
353 798
107 267
358 431
591 85
337 258
889 813
693 741
305 236
695 59
879 718
861 303
578 807
906 894
581 944
678 996
310 206
846 44
225 550
462 309
873 114
396 995
271 721
930 695
775 161
155 824
888 828
470 883
321 449
730 815
640 91
724 532
901 960
534 571
459 383
294 822
892 15
164 792
994 603
591 687
775 468
503 31
604 34
731 312
15 99
899 724
207 779
208 859
543 985
160 30
878 424
769 948
610 538
80 293
8 66
192 751
134 518
326 286
734 683
237 369
554 53
226 898
619 601
801 500
655 465
259 480
902 650
743 568
670 758
964 983
235 993
627 823
172 373
995 827
942 278
731 789
456 609
681 104
810 396
905 656
234 395
842 61
182 522
519 905
701 998
776 387
939 945
887 543
49 327
452 772
291 158
76 920
899 479
794 43
44 446
425 580
729 534
178 308
733 38
326 900
917 303
383 440
926 695
747 150
224 969
23 557
63 576
232 580
125 391
287 904
806 936
629 791
244 299
372 352
133 776
215 250
695 140
614 36
559 941
873 110
309 482
662 430
466 575
820 530
802 37
470 159
146 577
771 49
456 313
707 96
218 95
748 675
251 925
333 655
942 775
869 100
801 197
985 352
323 393
968 626
969 293
844 29
661 561
61 773
333 608
872 238
566 630
218 480
784 836
352 786
406 563
464 608
987 847
360 529
550 218
471 871
238 598
89 333
652 654
175 99
838 737
387 354
292 269
352 624
114 627
153 577
260 803
601 67
730 409
325 835
435 319
18 877
937 65
900 339
776 321
5 625
619 867
838 387
425 194
477 57
637 795
72 928
770 786
790 209
546 834
353 100
575 817
45 870
193 531
382 221
456 379
864 360
775 660
558 220
318 833
724 204
463 408
391 143
606 808
884 906
206 186
23 960
483 787
232 529
760 269
124 855
70 485
723 131
132 924
462 83
839 201
249 518
379 691
769 229
698 197
918 2
941 479
984 894
16 560
11 247
656 736
219 72
479 938
355 664
997 41
11 324
73 19
471 342
642 574
318 511
324 532
716 278
609 930
583 582
680 147
734 950
648 925
498 882
282 647
156 236
915 105
351 19
976 404
155 300
119 23
602 511
144 571
90 267
772 894
863 500
613 733
247 883
48 779
123 321
485 810
647 461
98 129
958 363
222 739
283 49
247 992
805 412
662 639
916 859
135 661
841 456
239 801
793 621
991 374
260 918
942 334
727 972
563 23
303 784
878 924
451 638
378 706
931 680
666 855
110 929
681 305
903 438
122 882
858 943
468 439
932 70
880 927
555 901
130 200
724 224
909 882
71 651
22 437
372 186
813 831
710 870
604 509
785 573
970 755
718 365
393 612
121 623
348 338
132 775
975 759
923 856
729 921
548 379
767 625
38 729
32 160
158 70
769 483
94 832
354 757
474 970
191 630
266 431
51 655
531 665
788 40
632 426
411 535
604 976
855 650
898 811
95 719
705 527
47 552
160 693
381 730
664 276
819 774
742 765
317 129
284 61
912 894
143 490
271 289
991 150
425 241
557 712
319 533
216 266
285 269
535 549
701 285
849 265
563 292
456 872
57 591
902 687
959 554
809 53
44 806
210 570
961 146
122 414
567 666
364 311
3 27
424 228
49 713
583 140
415 302
255 47
244 796
45 797
466 498
891 575
188 609
568 267
553 218
5 875
211 58
356 840
638 503
370 361
322 993
948 861
951 398
455 831
921 207
724 361
917 379
168 406
7 391
391 764
819 601
859 644
589 531
462 395
284 959
175 802
594 720
909 73
257 497
425 202
779 84
716 611
215 70
508 204
6 103
959 327
928 761
764 858
617 5
428 412
432 935
803 696
475 859
575 132
8 662
545 465
86 947
548 716
434 897
275 96
578 283
617 295
468 631
548 851
517 172
938 115
511 640
866 497
104 16
778 683
528 778
377 676
388 840
970 435
473 249
436 491
934 94
830 159
321 957
694 835
312 680
578 223
653 783
857 908
964 976
520 220
725 141
781 171
934 907
813 602
841 273
794 797
170 895
710 125
996 858
425 587
120 941
685 457
748 343
515 142
781 694
884 951
724 792
653 292
927 389
803 139
382 444
275 994
704 324
101 284
102 47
362 968
479 229
625 966
936 631
78 4
560 771
75 227
889 953
55 364
918 938
650 284
90 833
328 854
962 397
267 737
935 155
327 765
186 719
464 37
686 656
700 973
389 123
617 370
359 829
124 134
324 576
454 531
311 958
76 225
721 220
456 139
768 267
536 791
670 422
433 869
730 213
894 832
941 865
701 468
403 657
227 117
982 487
485 821
398 148
511 821
648 175
83 530
691 339
857 127
30 803
749 441
622 825
951 925
990 957
772 240
866 247
378 973
452 564
930 868
444 48
282 151
501 1
339 986
670 866
69 333
844 561
41 804
335 398
429 181
362 360
948 759
127 40
439 508
766 385
512 838
519 926
720 985
277 370
780 111
249 811
197 203
71 678
607 624
150 339
797 251
862 582
315 257
267 98
348 335
674 315
76 577
680 533
544 787
826 209
650 387
686 573
870 302
565 820
937 693
539 921
721 30
777 796
579 392
66 333
78 122
215 876
678 588
223 289
80 49
632 510
714 212
484 851
503 81
160 889
240 439
96 843
946 671
401 274
700 978
83 976
462 318
416 945
308 327
222 74
221 546
41 324
369 887
593 598
17 16
235 650
274 450
574 201
649 790
563 376
766 849
178 806
476 519
841 663
683 563
101 958
853 399
1 656
795 10
46 128
374 285
31 980
288 444
736 610
886 504
279 266
232 961
819 305
822 912
589 955
996 373
295 816
575 852
559 435
653 138
124 838
717 685
966 467
219 634
431 895
865 44
663 465
907 492
499 624
474 548
55 1
684 695
979 917
525 289
267 49
250 731
324 38
434 546
642 223
201 309
58 406
885 451
204 669
67 348
110 223
91 322
86 782
665 23
413 86
529 704
683 261
825 729
54 229
590 987
132 663
439 565
759 928
704 682
209 12
636 632
897 361
765 486
524 345
123 535
806 546
272 853
682 980
166 524
42 311
523 268
63 95
928 444
671 412
251 983
842 970
316 681
152 698
674 771
858 36
877 776
125 611
368 280
510 935
95 863
164 950
63 317
748 635
674 882
568 241
540 879
69 223
970 412
454 773
860 792
260 198
856 347
543 773
566 686
808 478
117 326
632 982
696 371
663 93
992 666
990 117
282 860
502 307
668 743
178 93
987 913
786 284
420 226
766 559
73 194
239 693
19 740
760 388
558 827
843 712
743 325
691 214
31 857
378 743
438 885
990 294
738 327
139 296
433 75
490 12
537 365
477 258
595 419
776 711
466 21
569 828
586 226
605 6
309 633
880 523
976 714
559 693
49 148
555 51
508 495
769 179
664 919
940 956
7 23
328 940
475 15
936 555
748 186
775 18
957 875
335 555
929 422
34 2
241 462
620 865
66 28
254 18
533 413
419 725
630 915
115 322
189 727
134 184
816 943
813 990
364 547
773 62
310 921
721 102
354 521
405 635
982 143
930 298
460 157
208 974
378 498
173 823
825 177
644 403
256 628
935 140
904 288
523 534
531 3
385 897
427 699
855 586
278 467
836 789
766 798
144 915
130 730
810 360
83 742
235 995
661 991
463 243
946 235
819 75
639 330
400 203
421 299
630 27
508 847
96 32
73 254
400 90
224 382
666 333
923 342
283 841
88 968
989 268
886 339
392 801
33 969
771 795
240 583
314 978
45 34
753 5
380 599
783 992
59 906
214 746
401 975
99 822
323 958
12 451
815 965
285 486
286 65
750 746
987 244
185 178
811 802
703 784
794 540
441 932
507 299
682 541
367 783
996 253
82 414
29 914
712 268
933 748
471 317
509 618
592 802
773 371
294 811
523 340
962 172
726 317
873 799
532 521
915 222
40 740
503 388
95 774
281 786
160 205
769 613
785 883
186 913
425 191
134 593
31 954
90 309
652 825
179 505
75 56
518 634
965 607
622 830
338 573
891 811
508 909
566 769
236 412
166 435
773 745
745 910
709 747
729 293
561 573
538 453
294 599
408 546
210 658
361 518
676 331
970 104
723 816
316 362
656 151
838 163
605 172
140 276
625 566
220 206
84 877
822 727
564 615
337 319
944 353
83 175
125 312
783 964
552 358
534 458
386 442
137 992
58 98
99 850
655 659
693 588
828 561
25 772
281 434
779 159
323 43
472 751
440 269
519 81
578 527
261 353
465 206
360 36
897 379
518 139
650 19
299 67
428 613
513 777
806 406
882 232
513 698
492 455
458 627
264 904
197 433
27 836
454 911
75 454
238 790
406 610
562 972
962 82
90 265
952 228
790 708
113 788
924 26
636 812
798 615
911 780
136 416
122 9
401 497
142 378
312 609
575 792
758 490
795 156
603 114
981 185
732 753
537 965
597 905
232 947
212 105
602 240
365 693
266 676
361 738
912 254
240 673
278 967
316 270
687 361
822 512
783 826
701 669
65 871
486 53
89 813
571 369
510 191
132 995
442 283
408 331
28 856
358 499
633 4
74 895
827 88
119 738
84 852
980 665
360 354
802 137
50 738
513 218
417 237
772 817
384 18
242 890
777 605
348 100
889 149
696 996
556 731
851 541
856 881
727 182
214 367
15 362
922 183
772 599
475 881
167 31
318 409
428 585
103 232
367 948
354 469
105 637
21 935
152 554
125 723
273 810
796 761
844 39
703 236
879 605
912 76
303 242
456 795
146 75
294 979
389 997
393 482
490 550
142 167
471 809
848 153
791 782
424 456
978 787
8 135
520 710
100 533
140 444
51 107
438 697
982 526
132 933
218 875
3 29
645 470
266 713
639 294
605 498
291 390
808 140
813 645
425 732
409 199
173 358
601 347
923 742
127 995
663 391
957 678
260 682
331 953
623 450
359 204
239 394
311 105
118 541
50 981
788 539
676 790
384 289
314 942
461 781
390 267
534 498
112 757
367 423
632 12
888 118
724 996
17 149
516 808
646 875
333 245
980 701
158 17
231 581
842 698
438 289
959 321
923 983
17 828
399 190
770 623
797 279
56 789
932 798
152 793
722 438
265 15
693 215
74 921
521 665
826 488
739 905
522 993
873 947
507 221
937 931
332 416
117 918
384 45
228 273
229 568
365 168
16 558
60 570
540 844
891 32
188 469
776 74
902 766
654 111
963 302
36 642
40 837
147 747
847 634
139 699
188 453
265 596
1 686
588 806
554 850
994 13
667 401
580 982
407 922
253 666
919 63
487 89
913 898
512 576
295 874
140 560
121 233
451 568
254 399
883 605
61 501
373 259
412 833
586 180
897 807
59 28
980 396
512 922
286 277
20 673
665 172
684 376
686 218
375 687
837 406
819 951
492 905
170 532
383 988
184 574
506 797
654 999
972 530
681 971
653 937
671 160
638 941
439 636
479 947
741 428
409 569
565 734
217 576
200 402
441 904
354 699
906 194
569 388
195 436
699 537
833 527
336 225
247 469
857 385
159 643
623 174
200 624
225 7
833 440
47 994
564 312
503 252
105 565
731 281
824 165
455 121
925 377
113 243
373 641
799 933
838 597
86 302
89 122
696 206
808 520
271 392
997 771
407 216
411 29
251 474
126 730
93 435
758 399
523 864
430 410
948 467
458 99
250 257
531 799
966 203
382 770
184 751
350 316
117 95
743 319
886 764
415 480
254 344
681 474
240 646
774 809
140 57
645 704
159 124
514 157
680 173
438 173
576 462
480 467
662 902
300 198
46 294
323 895
487 688
235 411
919 699
332 759
816 300
750 933
767 969
551 652
205 464
722 58
25 154
851 290
980 646
767 606
671 860
493 358
955 433
573 866
445 515
508 101
57 11
223 402
578 703
225 845
924 599
137 419
599 87
765 331
587 951
143 253
8 336
81 270
7 546
375 100
860 528
717 185
857 270
161 263
933 993
238 791
222 376
773 8
556 648
62 193
209 627
473 134
425 43
706 428
80 332
515 622
74 258
915 328
590 754
459 836
813 877
80 639
318 972
658 338
143 550
644 25
350 510
197 361
257 524
169 456
482 769
549 21
307 342
848 658
835 940
340 278
913 842
71 614
74 198
572 73
225 82
992 7
680 250
284 894
634 353
852 280
501 362
92 405
183 78
704 287
269 609
786 46
539 439
447 314
111 870
148 133
423 317
689 431
180 534
873 495
920 197
686 492
57 276
599 789
750 675
171 724
39 194
647 387
924 516
578 643
137 479
411 744
11 498
565 903
180 475
272 998
401 503
982 208
216 495
930 375
21 415
240 469
238 832
633 651
258 845
969 864
416 96
968 653
588 206
352 878
189 373
678 987
682 22
284 222
913 234
911 867
886 246
717 528
41 55
773 782
170 725
620 739
675 816
468 18
341 268
531 308
1 853
107 195
198 30
127 140
112 219
554 782
757 773
351 564
13 107
108 82
783 744
996 929
795 310
407 925
951 395
475 498
318 796
471 389
710 822
612 864
59 96
561 422
963 470
15 917
868 601
703 814
287 801
515 450
718 255
756 438
684 443
335 565
764 905
927 849
604 226
197 564
548 572
755 118
479 606
685 799
229 99
837 612
821 367
859 980
1 70
811 841
109 350
941 599
618 740
380 215
952 556
902 834
461 434
801 61
772 362
864 667
207 791
428 626
553 162
203 84
886 501
57 69
759 123
874 899
182 962
915 275
437 603
79 638
317 53
505 205
265 891
514 707
333 272
62 507
464 934
231 480
251 430
550 412
74 429
895 105
437 893
518 958
504 770
961 439
801 746
842 973
572 275
615 719
597 832
528 713
857 691
987 876
330 277
244 883
874 459
951 382
351 718
616 853
533 906
851 43
210 97
512 923
107 747
609 109
813 27
504 301
12 318
55 504
58 76
244 311
119 677
46 741
567 93
800 607
785 379
918 937
668 820
6 183
959 279
154 586
133 816
565 733
128 464
510 688
461 372
501 775
337 814
854 757
67 197
454 647
739 799
593 125
901 332
316 764
264 799
763 856
213 356
694 797
346 903
901 477
194 115
930 447
455 120
720 23
721 354
151 899
47 850
378 135
426 594
255 735
367 717
152 914
709 806
503 285
316 800
448 488
360 676
531 255
647 586
207 446
467 293
198 215
847 718
217 282
282 146
356 775
766 538
952 518
386 116
524 690
785 154
897 608
349 123
975 219
541 893
211 6
48 893
568 965
936 169
993 72
527 375
444 384
746 768
563 842
732 851
300 199
31 49
70 473
932 268
383 610
604 389
180 908
920 379
594 110
243 36
903 18
372 320
836 55
661 44
712 948
721 881
59 886
432 772
677 966
328 885
916 94
498 61
264 733
638 857
198 826
125 890
275 447
792 83
850 697
445 627
856 774
35 443
159 721
333 734
171 143
355 890
412 147
354 27
63 282
730 5
977 772
169 883
385 862
243 702
462 860
817 883
22 688
777 477
299 513
672 229
946 508
363 338
41 474
922 629
506 182
17 97
625 148
2 471
502 298
614 747
5 593
856 15
361 599
417 837
623 871
455 561
187 319
978 734
154 44
463 796
395 778
415 455
736 468
883 615
594 526
436 359
578 673
969 114
589 777
7 270
563 678
732 823
325 359
236 582
917 355
685 135
68 159
845 961
242 662
355 671
238 526
452 616
519 791
920 343
974 14
210 331
564 782
86 606
310 150
132 658
362 545
122 667
220 647
684 246
522 233
906 8
157 146
401 576
664 122
902 212
726 264
764 187
376 748
379 159
863 673
354 467
134 509
303 414
86 26
547 532
215 738
476 930
938 155
657 561
910 285
821 206
811 296
908 710
601 876
602 479
592 153
183 889
207 592
814 160
654 942
487 109
397 472
627 945
153 652
649 823
83 719
28 212
514 623
532 740
458 751
899 415
362 397
420 237
918 356
222 145
260 630
407 993
121 98
429 873
490 361
418 538
454 452
239 694
597 796
66 724
421 534
760 502
608 748
407 711
693 974
88 435
36 179
166 810
119 930
801 993
306 425
70 302
520 719
584 204
90 599
966 732
552 288
864 114
30 179
755 968
298 523
831 423
63 777
998 348
306 794
203 698
737 454
280 129
57 782
689 347
484 161
287 582
751 237
128 501
313 63
846 211
815 768
17 963
588 446
994 997
140 952
354 516
906 191
31 509
618 741
657 755
379 187
553 930
904 394
312 112
773 173
872 104
974 626
892 123
693 70
604 551
829 646
479 29
541 50
854 59
431 478
768 466
553 604
402 176
521 62
963 593
213 18
621 117
804 939
273 933
388 370
602 290
933 154
183 559
458 250
350 36
23 390
373 973
252 990
127 210
361 763
778 792
805 33
53 780
648 356
444 159
619 375
452 754
880 253
278 18
316 321
729 488
900 143
263 116
258 454
757 58
480 90
813 376
814 51
823 97
928 59
704 297
687 400
448 535
638 358
605 103
435 787
29 513
955 88
495 131
210 241
799 91
487 543
879 745
419 263
258 667
522 508
655 487
600 520
968 44
972 524
20 897
919 503
279 864
963 211
942 79
270 585
238 317
997 48
910 921
768 114
760 684
321 416
416 348
219 257
757 467
138 825
252 463
659 377
661 459
204 42
446 507
160 192
18 162
844 26
264 126
783 73
444 769
678 913
471 909
19 244
673 375
472 112
829 396
867 41
389 972
909 308
933 190
809 992
829 509
761 415
597 1
304 744
675 971
142 268
771 444
558 916
841 461
305 786
326 168
187 274
28 352
334 679
689 628
905 695
581 758
620 68
676 374
130 78
461 608
943 824
32 660
533 572
901 660
511 474
371 335
443 106
651 385
173 61
120 60
227 864
727 619
125 309
516 716
618 214
513 322
769 248
935 559
15 527
559 991
105 74
654 961
162 3
215 978
607 931
777 550
618 392
717 452
425 703
332 806
464 118
850 694
190 303
38 995
241 245
53 495
303 826
946 776
413 325
570 824
220 881
39 399
134 417
587 663
90 357
56 45
167 299
9 985
891 125
238 900
956 567
556 537
226 980
393 57
195 947
434 297
759 683
145 154
717 618
481 112
148 542
687 822
199 888
184 431
956 789
908 912
72 688
948 433
606 205
295 974
921 555
431 577
752 97
153 834
540 378
410 83
932 252
258 31
602 862
914 690
934 689
262 462
654 528
107 293
850 199
297 733
11 987
712 828
456 122
871 812
139 127
693 572
106 486
328 948
975 754
63 788
779 47
708 479
30 231
510 495
445 692
561 235
837 654
622 492
661 176
683 280
834 644
618 383
444 598
164 915
474 583
526 609
146 277
298 104
158 500
270 210
807 985
938 152
591 838
355 998
416 98
626 407
130 976
369 134
137 877
523 639
835 417
982 432
360 991
680 638
578 69
225 306
911 877
238 531
166 284
106 10
189 85
890 194
952 993
386 795
193 259
178 89
625 256
594 721
60 85
477 587
348 856
828 725
549 504
1000 343
286 514
109 657
498 550
738 323
477 237
761 34
547 443
434 736
642 413
52 916
775 731
119 957
743 39
140 850
720 820
495 878
427 646
963 472
121 413
983 901
849 481
98 951
613 399
945 982
674 268
802 789
883 190
510 379
98 806
245 949
104 823
149 319
725 784
742 854
787 555
752 978
181 206
897 309
377 883
485 344
488 436
342 435
95 665
579 68
337 849
29 59
602 239
823 996
513 886
845 441
811 105
639 211
527 349
267 763
120 310
720 45
95 959
337 627
356 297
88 647
566 620
180 223
327 88
222 310
462 260
322 376
969 915
403 745
23 272
631 63
395 649
992 715
899 777
855 681
639 481
701 30
792 870
636 349
905 521
869 856
321 722
587 155
164 184
899 39
166 538
944 908
652 341
257 690
760 420
540 418
120 835
46 47
68 419
828 485
761 62
374 635
880 988
93 897
221 204
59 17
887 827
927 384
15 890
415 188
897 259
367 343
890 771
135 45
157 533
174 429
395 384
401 963
328 125
382 304
858 565
452 198
662 305
774 287
171 374
815 961
997 942
565 682
897 224
185 182
525 984
233 834
499 516
842 858
256 135
738 909
565 844
103 829
807 131
890 727
670 137
711 551
877 827
38 855
388 162
281 790
531 946
526 700
373 541
118 82
285 983
824 23
368 435
494 599
703 289
265 667
144 612
382 724
991 122
479 278
942 602
360 678
478 218
351 872
796 235
448 25
891 815
93 289
946 886
136 742
88 223
342 724
866 978
140 165
325 111
787 694
206 482
245 440
283 663
896 698
736 441
211 505
966 379
624 366
291 49
520 569
219 617
486 156
144 349
92 35
590 806
228 547
279 673
598 961
865 31
395 428
510 353
315 373
195 203
458 955
845 829
997 962
634 780
926 454
747 551
290 444
169 989
935 268
974 466
465 194
12 657
52 358
386 781
419 657
317 572
155 919
638 686
696 689
234 656
295 590
275 46
361 993
26 1000
872 18
982 203
472 896
569 22
787 459
570 825
76 2
276 588
151 560
136 183
762 545
798 841
745 495
587 662
860 642
40 595
294 34
973 413
193 107
548 999
316 855
482 450
779 344
577 190
680 673
438 721
745 989
942 737
9 523
946 220
749 297
880 88
934 837
350 396
5 607
923 244
218 451
306 206
731 851
737 786
301 329
999 182
211 308
444 311
562 110
430 774
6 875
476 64
918 43
116 495
334 418
852 283
49 18
430 881
861 83
223 942
33 614
162 322
716 797
73 357
747 509
78 841
404 251
810 898
48 165
84 611
599 547
803 471
254 328
684 466
423 318
880 320
615 298
618 90
399 305
439 560
996 339
306 967
87 645
385 508
601 199
696 734
492 513
493 216
367 835
774 1
787 374
716 304
363 276
502 729
267 734
436 255
207 828
789 70
446 432
627 919
530 319
877 916
493 907
868 169
670 483
235 732
786 228
751 764
499 867
118 139
619 626
882 517
696 137
551 309
420 777
859 578
152 891
924 489
781 304
486 574
692 893
255 500
930 822
770 515
623 679
306 99
607 243
790 433
598 466
820 585
40 26
295 834
334 668
615 821
456 298
553 220
719 235
799 669
27 677
671 884
931 987
549 360
224 181
729 684
612 867
243 764
263 23
211 286
858 281
842 452
898 338
314 29
81 894
190 321
29 758
290 2
399 484
314 140
798 186
214 429
555 419
756 288
663 948
361 720
815 925
724 710
837 609
205 779
971 691
55 548
332 879
962 255
280 306
726 443
764 874
214 143
911 287
697 167
551 772
565 870
498 210
228 63
29 58
471 645
43 898
725 738
530 400
640 368
489 958
473 33
610 674
76 74
936 68
7 756
229 548
786 185
513 535
184 155
458 262
170 402
815 326
504 696
566 540
878 870
739 248
557 951
687 888
2 490
230 588
529 507
765 805
35 590
278 40
369 540
98 50
425 770
634 224
619 892
191 815
359 441
365 744
439 353
496 665
728 20
503 894
804 361
678 390
40 502
767 98
483 183
663 384
185 648
921 316
382 87
757 425
562 137
34 494
895 460
871 230
766 8
306 730
663 762
153 373
137 600
745 243
599 760
231 532
197 900
972 526
932 103
565 681
680 532
852 535
632 266
225 692
745 45
466 566
626 792
932 943
241 382
42 377
155 699
285 3
930 216
953 41
938 319
483 961
916 755
894 140
815 448
588 307
630 658
665 526
886 520
299 376
873 915
32 413
656 839
649 2
83 826
688 616
303 193
751 711
809 708
772 472
497 272
74 746
972 263
275 973
540 963
635 455
1000 712
984 205
838 728
292 308
442 761
406 276
210 621
173 631
230 616
502 205
14 345
75 797
561 420
905 548
321 701
359 477
676 481
472 319
456 644
907 176
629 271
927 61
58 555
939 914
763 566
582 14
219 532
435 595
440 871
461 751
851 91
889 140
376 57
12 255
876 510
265 362
651 272
984 551
931 96
434 568
509 84
383 623
332 755
171 695
903 254
968 507
950 191
128 226
715 423
534 446
663 542
899 977
559 985
263 236
565 540
333 104
584 146
234 511
876 834
400 616
233 829
293 603
911 343
897 493
612 462
445 993
618 571
4 800
80 198
389 234
63 263
191 338
881 436
41 317
460 305
613 885
122 816
764 487
303 229
681 953
859 477
673 972
422 253
777 450
282 928
763 57
150 530
863 2
298 911
445 421
709 936
140 405
514 646
397 2
183 529
990 899
619 951
965 719
292 447
131 123
390 840
301 708
874 523
191 871
175 354
304 264
257 945
849 831
719 733
173 381
11 622
835 912
602 941
362 182
205 940
102 316
69 77
144 412
399 892
611 518
727 664
283 995
520 726
615 609
615 71
747 343
380 660
327 895
336 722
797 635
580 381
726 730
215 202
237 654
988 970
625 896
893 742
774 341
902 286
393 766
119 595
694 156
253 484
591 268
258 242
125 170
327 562
539 970
946 860
599 902
727 77
968 836
601 659
864 917
846 869
246 561
281 691
671 410
413 438
622 204
788 166
256 511
481 864
670 198
433 965
267 721
270 208
18 345
590 409
722 753
27 429
263 805
892 193
568 247
52 8
212 726
508 850
431 436
61 951
563 301
263 971
714 899
271 460
22 962
259 396
278 440
523 863
174 761
567 942
52 733
259 992
791 890
114 946
478 147
960 446
139 461
819 117
550 455
753 713
337 117
386 904
278 154
279 183
282 201
925 865
900 673
315 131
153 860
481 127
444 357
980 151
858 968
679 775
168 383
649 752
50 279
619 78
876 439
839 573
36 190
323 682
654 754
624 439
758 784
850 169
137 978
154 848
282 306
529 900
343 575
682 936
224 916
300 25
254 848
435 982
119 626
210 298
512 320
310 881
613 376
996 368
307 749
864 962
683 262
96 444
411 472
426 229
637 211
214 140
569 371
347 365
683 407
795 753
81 313
338 369
337 855
446 115
982 129
506 710
489 556
347 410
885 918
392 139
394 633
259 588
790 935
592 90
470 284
722 725
707 315
446 429
322 199
940 869
731 673
324 777
972 141
222 308
167 999
173 880
193 82
694 443
142 21
986 864
403 747
334 829
874 798
237 474
936 373
420 814
611 53
505 66
299 740
251 418
895 885
575 551
13 58
177 426
938 577
5 918
72 601
684 960
741 817
98 277
885 495
127 898
912 750
221 89
847 389
25 502
936 937
664 731
457 867
405 3
617 541
870 249
766 446
72 134
608 968
205 342
357 875
698 809
721 760
205 295
189 930
206 64
858 563
162 506
55 357
990 796
86 645
751 157
845 232
239 105
575 227
233 832
305 523
162 220
146 697
272 772
807 300
898 712
39 134
498 100
194 173
493 159
60 774
649 295
206 572
65 952
119 229
213 352
529 334
960 907
735 13
173 946
942 644
787 30
570 914
142 363
247 246
28 296
624 631
108 280
773 928
83 938
815 357
179 511
751 567
390 953
919 267
317 85
191 620
503 398
914 137
685 985
292 309
293 220
247 901
434 98
472 401
348 764
709 725
312 616
19 454
974 715
541 712
733 352
745 89
610 493
295 773
61 419
444 301
606 223
193 747
603 796
362 226
20 620
862 303
149 832
921 287
837 83
742 658
20 723
851 203
466 215
909 983
452 6
607 654
693 260
261 568
845 174
29 524
106 385
125 419
710 746
953 392
770 302
2 708
846 509
668 997
150 436
262 146
873 417
265 973
492 889
223 763
615 401
584 59
142 631
345 617
845 140
477 47
315 597
484 100
911 289
994 825
245 51
526 648
769 300
569 427
695 575
721 160
545 402
85 329
133 952
380 283
53 849
535 827
919 728
248 937
156 228
70 550
891 426
496 151
518 318
534 916
407 277
908 734
377 756
251 159
490 957
591 909
373 864
890 314
715 189
553 298
327 179
706 472
670 679
868 201
782 702
790 224
13 241
253 748
606 176
442 525
783 890
957 442
406 416
689 516
136 644
250 302
353 117
879 224
305 973
514 344
403 389
187 416
867 514
425 635
764 11
231 923
782 601
583 577
37 430
511 507
923 389
355 924
305 110
92 402
895 453
422 775
295 527
97 268
480 500
499 400
851 231
814 985
764 668
983 994
140 824
111 807
148 275
993 842
22 316
443 361
851 340
85 952
391 905
675 2
951 241
220 381
588 374
447 438
289 828
253 483
96 290
142 967
592 706
332 837
320 773
247 378
200 724
15 368
881 740
458 703
510 716
521 475
300 763
78 400
383 763
878 187
568 805
328 627
792 290
428 726
603 224
570 943
215 766
164 892
702 244
61 724
189 287
816 631
730 229
877 914
402 72
49 773
857 158
714 561
752 452
512 925
536 965
757 637
711 156
344 118
397 267
874 880
265 291
921 116
669 680
88 123
222 10
60 225
705 252
463 228
361 934
607 254
415 641
928 936
114 770
596 130
85 77
141 177
828 109
741 796
62 653
288 161
306 323
948 694
787 752
917 673
391 71
796 610
84 828
184 370
463 344
546 764
641 720
718 294
834 256
228 534
673 743
853 849
272 492
115 188
78 48
444 682
546 478
306 647
1 83
846 53
354 847
671 49
987 225
544 850
816 983
229 110
727 227
569 539
750 320
769 455
552 977
25 631
981 46
432 607
766 780
656 363
554 215
544 560
946 892
627 951
124 122
859 201
143 48
256 476
263 966
633 450
333 627
63 350
537 24
298 592
877 118
779 80
271 269
754 195
113 201
673 367
329 561
38 411
960 765
762 825
1000 750
782 42
911 834
326 422
403 603
4 382
914 207
377 398
451 883
821 625
255 405
221 261
98 48
516 144
754 647
295 915
900 759
925 836
783 602
932 160
33 849
31 826
246 146
700 59
582 179
268 175
71 698
942 219
836 826
155 180
590 713
277 56
879 757
935 519
917 8
385 239
32 953
137 606
284 923
929 490
642 817
403 540
603 364
328 862
627 98
438 263
774 173
480 521
465 219
877 534
16 747
915 777
110 255
96 601
483 267
526 685
150 264
802 429
696 664
722 404
26 770
445 844
941 967
527 434
181 882
406 601
526 894
393 322
180 190
525 238
828 484
908 650
982 511
964 798
658 481
472 116
787 255
368 5
973 728
499 861
890 150
732 534
839 51
772 248
352 521
649 883
672 444
72 664
861 904
135 569
541 598
300 941
249 96
829 643
862 498
891 370
406 116
889 432
887 581
551 227
692 597
785 157
556 8
914 571
112 375
41 957
260 729
671 697
103 43
550 750
849 755
482 712
638 472
1 328
898 246
681 766
59 62
50 16
999 450
932 265
92 62
183 145
546 407
253 109
915 726
309 299
349 570
833 929
704 471
577 863
656 865
431 888
286 21
805 993
91 495
552 651
292 654
586 662
312 351
427 126
559 825
855 86
712 192
289 113
146 666
57 13
404 294
280 364
543 725
376 725
747 838
713 762
832 776
132 360
137 838
595 762
233 605
365 72
536 204
399 743
251 33
527 507
990 724
242 356
616 74
725 265
49 792
375 384
857 129
450 889
344 492
289 445
754 267
606 614
204 808
721 466
117 761
138 650
895 558
36 625
661 830
539 330
853 38
670 676
451 954
221 732
972 436
44 827
740 680
390 843
843 161
574 467
525 149
122 498
433 325
841 320
398 517
810 589
580 204
532 501
998 962
947 364
966 440
608 548
736 489
623 979
171 870
83 114
839 603
989 106
93 85
245 266
802 591
548 63
150 494
552 442
335 825
121 389
270 888
287 954
497 625
73 362
864 107
242 659
849 505
301 786
46 695
818 436
712 911
854 232
896 342
248 856
655 764
505 768
399 306
333 10
778 233
245 846
391 686
802 67
712 109
695 380
163 599
664 208
612 654
498 90
688 246
105 324
146 766
459 333
646 51
258 784
63 71
928 436
432 515
531 785
769 644
346 540
152 872
688 468
265 101
817 688
473 458
934 329
368 272
275 188
919 767
920 647
887 171
872 128
411 780
532 284
921 975
683 216
960 611
924 198
199 58
770 787
491 419
464 545
999 531
978 982
161 519
680 753
19 417
222 120
207 460
777 333
566 849
883 955
176 190
965 673
344 149
877 469
203 688
59 442
184 606
357 689
374 369
179 837
171 821
117 17
154 13
712 473
458 792
22 12
960 205
874 271
141 791
814 580
239 403
311 102
149 903
707 677
84 684
361 481
841 47
755 689
945 587
421 883
84 531
177 471
50 607
414 388
456 154
310 85
884 122
739 278
393 655
46 983
846 58
639 362
885 592
634 976
340 859
694 126
77 88
594 450
869 204
926 29
584 116
161 133
328 728
769 454
518 187
774 81
446 230
284 709
980 922
547 729
513 985
473 260
147 199
792 144
557 496
599 21
123 196
674 204
243 487
808 870
915 202
819 501
242 202
152 670
820 213
528 701
843 860
94 470
590 507
494 460
42 53
902 983
617 447
302 515
447 209
768 471
933 931
437 564
441 561
649 116
854 175
914 16
769 819
862 740
133 444
428 584
670 621
700 752
903 813
230 579
912 384
553 498
248 414
116 356
177 149
110 30
900 752
762 139
897 542
770 772
70 216
884 666
461 631
444 267
249 933
995 459
79 127
862 305
116 435
183 923
947 469
608 859
805 927
93 925
31 91
931 73
328 18
914 777
955 95
166 986
103 991
393 602
419 961
966 573
971 997
475 242
324 920
96 141
388 731
459 155
44 101
279 782
105 81
396 554
703 113
884 205
263 282
20 497
841 694
271 831
147 261
845 230
976 859
391 133
745 18
779 262
803 718
293 932
504 427
996 229
147 307
584 511
17 698
948 906
328 573
346 897
195 653
464 316
804 805
210 102
216 429
307 790
876 474
118 615
460 264
651 625
105 719
562 720
442 930
88 181
616 184
396 111
531 10
38 388
791 734
204 916
304 798
305 555
123 300
830 17
312 589
277 709
500 434
597 12
196 939
415 715
696 307
87 637
624 509
558 921
939 745
35 508
476 346
631 722
784 837
182 492
572 188
813 710
705 453
559 422
412 781
487 459
399 869
837 428
354 140
828 389
386 144
979 19
672 633
659 836
491 925
205 743
315 427
500 997
980 431
254 246
144 337
971 64
336 745
798 471
304 23
858 610
970 815
896 331
806 962
733 802
681 927
920 321
337 209
543 33
621 833
659 732
567 447
825 708
898 392
519 56
578 916
299 157
397 279
195 92
693 453
472 759
422 630
823 838
899 738
684 8
579 482
686 586
198 828
346 67
533 477
94 765
8 712
134 376
881 335
955 660
61 605
337 669
584 170
15 60
329 797
809 523
977 749
820 320
516 774
105 538
203 133
282 572
448 300
288 133
74 698
496 24
204 809
740 331
818 557
330 915
653 773
23 443
252 940
537 936
602 541
443 705
889 369
118 77
106 525
288 466
370 902
581 771
212 113
748 99
60 61
460 839
524 844
239 100
676 151
650 822
751 183
987 731
770 127
239 638
847 127
704 231
954 919
637 535
337 932
257 706
650 616
103 300
819 583
881 862
148 285
385 165
233 859
465 503
966 517
744 858
205 493
89 181
872 694
926 407
285 309
802 129
385 327
295 252
977 493
480 579
154 652
731 43
659 617
642 617
366 179
574 628
495 277
522 147
802 99
697 981
56 769
94 729
459 332
208 76
743 275
953 102
994 586
669 98
800 767
413 292
364 726
274 234
207 824
85 220
346 744
117 555
868 341
579 794
564 110
892 307
14 75
18 118
660 697
511 871
170 920
683 872
825 850
644 85
661 849
188 313
378 923
14 357
550 107
588 826
739 446
58 572
596 285
688 992
845 496
286 869
334 625
853 283
925 894
692 927
54 624
662 883
349 12
757 191
336 885
202 265
282 71
515 15
535 80
866 777
957 702
10 589
956 176
340 672
268 133
567 803
325 436
698 574
594 895
331 879
771 245
906 515
616 911
546 762
505 592
741 589
898 302
257 94
132 862
794 367
813 65
7 14
412 892
410 628
932 721
718 198
405 831
104 828
765 185
893 100
163 997
592 529
275 287
756 300
149 314
483 384
45 505
362 28
879 38
804 75
441 116
277 170
579 442
831 887
875 874
418 412
665 645
873 810
105 432
899 688
458 544
376 107
725 282
468 201
769 528
682 211
203 129
229 544
566 609
570 620
791 580
77 620
868 329
652 782
767 983
194 264
456 831
56 345
593 726
151 858
619 594
748 886
85 967
598 272
50 474
89 256
311 385
576 830
724 366
536 898
784 715
41 356
877 440
435 349
684 812
496 669
580 877
482 960
13 392
676 344
18 542
850 471
174 101
299 556
415 389
883 549
245 336
562 67
425 40
469 792
71 692
457 864
849 550
757 437
863 473
304 157
896 497
89 877
294 972
611 720
685 201
228 564
31 491
533 885
456 183
115 154
580 176
695 129
93 559
63 811
525 578
234 391
958 988
216 136
797 322
45 477
251 840
68 770
367 790
389 464
191 68
51 721
230 536
897 389
312 163
367 903
190 132
618 707
161 386
440 199
955 760
109 798
549 596
998 784
368 345
758 718
705 894
189 325
483 120
749 141
109 238
448 368
506 42
967 107
550 209
271 400
481 760
856 284
957 34
912 493
308 591
936 645
882 611
350 405
745 885
887 726
139 572
72 745
2 236
593 877
481 75
362 350
897 633
753 615
457 34
774 801
5 792
248 153
876 363
844 777
538 236
478 539
686 28
36 852
780 97
267 446
272 264
385 47
349 278
225 296
264 552
889 769
714 380
188 257
276 141
591 22
538 910
686 254
751 476
789 255
322 664
854 991
837 259
31 348
903 423
516 1000
77 142
997 973
836 77
114 149
409 541
797 280
411 581
560 406
523 282
526 655
599 111
195 381
949 12
384 732
612 458
363 668
806 286
240 417
47 660
294 194
260 438
302 713
18 128
282 573
526 856
987 883
584 585
108 383
768 400
165 192
763 610
891 992
736 943
878 734
209 789
165 719
913 151
807 631
886 212
841 501
92 553
808 266
476 392
499 601
763 392
533 429
32 1000
839 932
460 832
652 282
420 470
745 627
689 992
429 32
33 799
692 730
961 603
1 313
348 912
352 83
405 471
814 109
482 746
234 27
152 662
515 304
918 159
685 128
667 925
581 63
270 894
181 417
309 668
475 140
318 586
357 160
280 646
34 133
951 242
737 322
511 505
141 816
183 405
668 891
768 897
499 481
419 547
403 166
394 536
333 409
744 256
217 640
306 486
398 367
570 132
589 168
772 600
540 556
958 871
219 907
949 96
570 887
592 995
702 360
117 776
423 889
134 500
873 990
358 790
535 856
204 104
122 993
768 461
243 867
579 797
456 772
938 932
672 24
319 623
415 620
843 97
436 393
23 379
977 731
324 198
201 673
943 331
687 65
523 928
339 815
486 642
348 679
813 619
10 872
118 985
70 685
71 429
559 488
301 424
571 438
866 774
541 830
268 134
516 620
370 540
387 528
851 23
653 309
140 840
880 517
755 691
349 350
261 748
978 110
707 564
85 1000
73 260
235 710
653 128
30 186
374 845
452 232
515 388
892 400
647 57
444 788
949 929
513 61
551 989
219 28
882 500
708 406
336 464
707 227
873 15
141 933
492 723
12 413
955 497
868 822
560 463
483 272
12 854
570 152
119 364
557 494
47 608
798 1000
18 294
247 121
472 893
368 318
845 260
294 10
872 254
467 578
412 65
105 721
273 781
334 208
501 367
530 175
344 422
109 154
971 67
700 515
973 561
903 926
939 481
354 867
625 196
636 879
455 323
592 267
83 752
726 858
256 987
454 121
184 621
758 43
495 408
287 427
61 136
681 84
667 25
540 265
27 870
871 345
819 450
532 997
478 429
162 562
202 339
882 269
3 286
282 459
857 597
776 749
707 643
118 630
410 439
33 944
235 438
585 569
612 780
88 255
148 214
920 359
975 259
559 960
270 673
141 743
807 458
20 904
811 911
137 684
367 160
137 317
724 743
393 907
452 482
937 838
864 994
493 253
703 875
890 878
816 2
693 129
731 114
15 437
91 211
829 961
422 409
8 701
794 772
774 44
449 285
472 938
604 915
843 749
950 643
482 351
89 167
342 179
324 986
20 435
164 518
610 562
406 47
43 643
619 672
636 770
769 797
130 517
988 446
943 397
710 392
718 903
700 662
496 476
973 678
749 319
493 513
938 670
482 882
857 870
504 458
382 779
819 361
244 808
463 78
545 641
106 969
69 195
600 175
456 359
148 549
701 655
81 526
779 717
728 787
638 314
175 536
452 867
611 638
975 449
903 356
317 759
513 298
822 348
73 371
633 267
119 784
870 104
253 106
953 396
715 797
149 159
355 89
546 261
383 840
242 844
483 911
11 227
40 330
87 84
980 541
203 903
725 978
816 914
33 408
694 983
767 679
664 102
52 275
933 694
682 886
521 268
226 538
473 499
772 667
593 482
463 712
119 122
247 33
156 43
812 539
691 666
213 98
948 235
859 464
153 59
863 504
705 970
708 747
985 106
271 503
865 524
969 150
653 763
191 652
749 402
400 367
753 855
962 796
503 543
89 383
836 697
66 601
788 225
373 160
140 71
892 860
16 61
737 901
59 369
940 542
300 893
676 224
271 348
92 511
24 583
6 555
232 746
642 35
382 400
718 462
828 282
873 359
641 377
996 635
547 115
290 248
327 804
46 549
855 273
909 729
167 819
684 95
189 855
940 241
11 271
363 972
768 898
509 710
360 364
659 472
510 752
962 379
194 145
157 27
711 596
713 667
186 637
715 122
262 702
588 368
290 559
4 769
613 588
759 505
95 977
756 829
320 453
911 965
625 78
697 329
795 852
428 903
895 975
308 733
632 993
743 523
657 228
221 317
352 564
316 87
377 103
395 576
568 312
952 599
240 793
24 790
109 761
992 692
355 603
419 608
248 355
690 70
712 530
505 372
844 963
439 57
980 259
799 329
452 932
490 115
399 863
326 917
554 696
3 434
44 350
408 707
176 814
288 152
106 35
970 648
900 851
121 422
903 663
931 63
888 128
686 311
889 937
505 944
276 95
495 85
633 428
708 58
983 224
159 482
516 929
437 76
81 18
9 461
963 140
855 426
16 643
592 674
241 340
77 981
388 919
685 679
928 612
690 895
472 544
808 986
318 732
242 118
33 49
510 895
599 135
750 17
787 9
290 563
119 34
178 560
734 517
75 440
835 28
854 162
948 163
734 660
809 867
406 659
354 64
415 579
161 544
114 90
942 688
212 469
395 543
433 416
507 531
199 825
348 533
972 511
442 606
44 766
784 717
966 229
291 943
771 473
212 947
41 820
208 301
652 332
780 281
675 565
163 361
251 927
442 432
478 402
69 127
129 314
407 739
874 366
253 867
220 108
537 342
614 356
154 782
562 131
746 932
87 296
624 114
182 208
348 200
975 413
614 247
987 291
328 100
571 32
366 924
920 360
918 823
243 83
465 61
11 105
233 41
768 812
589 444
241 534
913 708
105 231
840 110
65 657
147 375
720 339
884 494
8 559
252 468
962 304
945 550
786 610
440 90
497 95
481 818
479 859
925 907
265 81
564 403
513 683
329 870
915 235
8 269
276 531
947 698
913 510
695 756
356 500
342 803
548 970
790 823
682 68
539 501
152 923
47 202
673 271
470 835
469 164
571 964
244 740
226 955
106 645
583 917
765 850
42 833
676 787
727 736
717 719
97 974
781 549
921 66
800 229
144 889
165 925
9 609
505 466
503 683
732 663
913 971
696 3
628 544
738 32
900 727
151 463
300 523
619 239
452 734
932 192
843 487
900 614
480 143
11 713
249 838
395 886
731 705
679 970
957 740
687 463
496 411
90 757
732 804
331 809
760 165
754 318
828 742
888 73
101 292
802 777
570 285
121 719
395 306
309 344
841 865
484 333
157 276
233 918
396 856
114 147
59 766
208 212
6 27
742 14
328 717
111 194
99 650
449 335
447 204
730 1000
802 461
342 498
842 986
114 117
132 340
997 318
929 54
949 443
666 563
938 599
423 804
377 526
820 136
804 632
952 239
900 119
907 401
32 157
535 645
26 439
83 570
360 649
895 955
465 67
920 255
458 58
153 552
218 318
526 491
549 906
149 540
331 393
313 902
67 895
717 656
141 136
252 999
761 157
999 175
128 61
942 53
266 570
490 28
182 382
645 810
593 997
697 633
54 194
42 852
892 666
853 952
840 377
992 20
168 566
22 305
561 1
102 995
690 911
146 841
24 405
479 735
845 86
546 294
485 74
401 797
495 417
869 212
392 552
724 681
768 899
538 565
765 500
397 954
878 205
806 606
54 275
863 539
829 919
891 322
552 792
996 15
446 40
910 379
942 512
920 651
924 851
677 549
878 414
492 173
819 468
8 84
485 736
382 644
623 462
511 864
247 278
577 226
886 788
320 373
139 779
273 65
570 681
57 602
388 278
887 378
371 69
549 989
532 42
528 365
853 439
14 283
640 838
827 580
369 762
390 954
301 277
50 23
322 720
287 326
514 390
364 443
59 303
187 338
794 182
706 586
508 686
969 388
735 725
684 617
922 18
151 356
799 328
841 66
514 168
407 591
999 433
451 359
234 125
606 749
558 400
138 359
246 655
747 297
604 470
842 463
970 536
23 652
998 250
71 751
182 23
534 376
239 226
862 270
483 564
177 693
368 884
241 506
862 804
127 448
701 660
393 877
426 806
52 438
287 585
96 434
464 54
835 73
964 355
452 905
668 914
872 450
636 427
104 108
517 782
646 162
190 126
545 69
500 944
464 739
116 62
289 392
679 191
632 800
246 416
467 565
786 195
813 794
463 929
579 904
249 365
856 259
179 22
515 656
408 601
311 886
278 350
347 697
285 670
2 404
131 40
558 897
444 33
136 754
912 275
185 899
131 475
3 243
301 394
88 489
783 726
607 498
262 511
193 690
893 705
948 774
662 124
496 973
101 446
447 646
654 720
969 130
111 757
901 877
371 152
938 520
716 860
474 659
112 780
594 128
244 313
711 987
84 616
932 752
347 48
755 943
298 510
662 366
270 598
987 192
453 676
58 180
974 510
216 740
858 351
87 92
265 551
92 179
721 45
794 915
360 67
432 624
930 211
721 190
397 595
226 83
177 368
372 857
601 913
911 30
717 795
111 508
819 534
282 548
48 910
801 320
90 313
290 967
958 494
227 96
47 213
160 423
471 885
75 52
424 508
190 711
692 141
749 428
480 687
350 9
722 654
884 548
888 543
800 341
359 474
967 283
383 464
700 502
773 622
101 879
743 304
217 556
326 816
205 897
125 317
410 247
487 455
469 840
992 811
700 212
483 944
135 875
469 825
145 531
366 607
461 889
671 986
345 800
823 677
805 512
646 524
900 788
225 414
372 219
108 869
806 966
54 123
846 455
940 120
710 534
876 810
239 26
388 586
371 914
295 913
921 482
890 785
872 380
970 11
949 152
436 973
437 436
864 896
538 577
81 490
543 720
342 425
146 294
988 545
496 702
425 485
601 636
432 747
717 115
639 198
359 933
612 43
540 792
647 596
891 116
765 531
473 703
203 22
242 496
463 1000
161 828
484 565
578 397
820 431
878 733
492 104
921 784
777 340
429 601
781 260
710 490
765 885
57 686
667 421
31 586
489 564
573 19
219 725
652 390
84 64
810 110
306 198
532 808
19 727
316 403
925 775
942 28
218 957
749 531
149 765
560 700
796 532
391 336
647 155
344 587
440 843
499 489
961 716
504 401
50 805
864 497
824 209
371 163
137 959
580 469
417 415
515 322
42 996
685 577
261 518
627 260
500 884
598 997
323 981
137 123
594 72
988 263
229 965
30 236
860 314
682 566
670 47
643 929
938 367
451 400
298 974
137 452
302 782
375 172
195 346
846 927
377 952
377 786
378 483
432 663
15 28
130 822
863 312
954 516
648 935
541 36
707 324
13 587
87 446
604 713
977 574
640 650
199 49
439 401
363 296
550 28
118 50
579 572
542 376
363 185
960 437
853 438
688 564
939 821
490 27
1000 805
909 85
69 264
719 322
429 633
813 761
540 343
541 179
943 778
837 243
880 858
37 507
408 405
814 29
612 182
362 36
453 139
679 909
594 891
760 367
23 937
262 419
415 195
275 980
920 415
349 347
334 49
763 981
547 128
201 476
103 407
112 737
557 39
334 160
855 326
34 164
552 697
142 203
114 745
298 753
206 926
851 487
888 812
485 109
180 765
842 686
993 586
281 630
816 147
998 293
487 800
989 702
393 678
976 771
523 214
617 247
212 829
37 259
177 918
345 468
806 635
182 7
646 16
133 995
405 654
981 751
730 929
622 243
143 62
129 580
260 506
647 766
182 834
949 498
990 518
333 621
227 246
972 352
269 453
41 382
190 857
374 234
89 106
23 299
598 165
265 759
414 186
397 498
697 724
147 759
207 431
616 388
467 280
308 546
274 654
312 549
207 348
66 620
877 436
127 85
40 111
24 884
776 291
10 779
467 112
966 106
415 496
73 233
843 509
292 77
153 769
136 977
283 642
567 914
128 577
966 829
997 529
889 248
102 255
749 924
366 576
628 275
595 74
600 500
799 188
654 721
641 310
921 38
832 647
992 477
862 57
922 440
391 975
674 297
840 1
90 928
626 558
589 442
992 332
167 868
104 904
121 674
506 912
16 594
589 267
531 198
591 461
722 364
173 460
20 233
646 109
906 246
925 186
907 659
967 547
454 754
994 927
170 205
704 909
178 752
655 838
379 81
142 815
242 235
481 929
719 524
692 505
950 561
965 795
772 305
415 11
355 41
696 107
630 782
525 237
810 31
201 934
602 413
711 205
531 155
915 312
455 403
477 759
795 798
670 690
196 769
531 264
861 529
961 187
201 894
204 631
922 774
154 428
338 449
744 580
528 657
184 889
340 407
325 197
986 641
92 752
403 859
296 761
70 155
809 281
592 977
889 43
248 157
488 652
202 714
469 855
435 603
609 164
59 199
300 811
62 990
945 218
144 455
974 799
277 245
903 353
279 587
802 916
162 311
27 696
996 578
638 27
676 828
860 49
515 502
186 32
354 926
704 557
910 801
43 262
120 403
309 780
132 560
328 719
294 484
525 463
372 664
910 754
56 217
988 546
384 720
422 440
17 530
490 184
846 563
63 271
194 426
929 933
88 703
585 71
562 805
320 408
933 870
294 928
423 516
284 206
412 315
271 496
350 91
613 607
597 186
468 2
450 533
126 738
127 271
399 721
493 593
22 937
190 627
140 284
201 794
222 160
574 469
814 292
486 885
646 539
988 495
391 450
31 875
553 239
917 662
535 75
439 470
244 190
535 184
633 202
391 224
234 7
16 222
538 127
448 681
413 985
718 380
832 719
63 905
393 496
439 922
813 233
536 571
471 37
647 102
33 456
452 406
698 458
431 632
894 718
860 426
475 844
705 623
833 594
651 833
633 540
376 759
964 408
74 918
268 702
656 872
768 338
701 149
174 746
242 307
316 558
227 221
232 301
622 54
830 3
759 107
620 640
215 188
45 359
551 351
493 787
403 727
852 942
725 408
504 532
29 401
985 75
70 807
970 273
414 637
248 537
212 444
31 664
880 494
643 282
37 55
130 379
481 405
523 932
766 974
785 61
131 95
705 358
580 886
796 859
926 798
575 147
583 381
895 878
537 605
809 192
828 100
79 930
357 524
123 934
714 79
272 182
914 637
461 247
827 804
700 46
741 918
279 429
468 474
14 938
240 585
847 94
854 630
984 632
549 480
495 880
907 170
945 115
675 86
90 602
880 648
721 660
854 936
945 972
603 744
614 743
957 893
135 481
413 223
984 773
78 213
127 65
671 320
252 216
487 803
219 385
312 285
25 628
998 437
690 890
712 286
993 355
481 811
333 266
906 162
536 155
85 266
268 990
574 966
354 381
426 221
7 751
265 276
599 369
469 28
786 174
352 774
260 25
192 56
563 480
781 617
293 95
155 402
84 308
1 776
37 314
482 251
691 501
550 392
952 903
2 402
900 367
867 276
846 648
744 617
526 417
737 736
240 824
918 287
667 29
286 725
838 38
306 143
469 705
532 993
300 945
671 706
250 464
801 960
366 726
719 214
120 956
706 991
600 326
50 795
816 430
84 718
837 8
808 395
337 350
689 1
271 615
112 782
722 75
633 476
337 239
251 609
927 168
183 424
359 630
797 885
261 494
172 191
64 976
581 789
876 855
438 480
534 757
332 821
301 6
243 370
336 432
635 692
465 220
266 391
712 171
363 905
901 303
663 832
794 913
798 953
546 78
908 338
17 932
964 464
769 710
476 974
407 579
824 92
26 700
281 909
156 15
716 87
866 420
761 586
299 529
853 154
877 228
143 672
221 576
526 99
657 784
871 52
75 135
972 399
331 273
848 901
353 313
372 138
343 834
787 994
672 144
884 550
435 444
828 189
645 529
891 519
314 678
300 917
762 280
653 151
16 100
695 856
37 434
357 981
305 122
509 250
805 957
756 173
741 575
651 267
300 187
131 591
399 576
276 316
538 907
187 235
84 593
124 646
824 809
186 33
297 904
485 83
215 174
405 223
271 744
664 844
846 116
75 45
786 344
501 973
337 100
216 851
500 851
822 237
453 646
661 161
96 397
744 297
830 78
229 175
91 130
573 998
491 233
945 583
103 859
91 819
310 595
593 515
191 244
817 653
747 972
894 909
192 537
542 297
670 354
252 341
971 289
522 829
961 459
28 38
180 153
273 969
574 105
668 246
319 630
895 983
805 315
553 274
29 884
353 468
960 316
528 976
30 782
17 93
145 32
32 818
415 661
515 891
476 389
499 604
709 689
322 715
141 133
715 352
404 585
408 524
615 779
706 613
357 535
636 742
430 157
14 604
515 25
17 5
577 752
893 534
514 195
990 452
89 759
975 48
443 131
462 157
90 724
767 178
144 854
571 143
371 165
941 17
157 546
413 984
361 415
701 625
542 943
963 374
176 100
270 754
389 717
383 923
613 506
736 759
360 336
388 959
124 880
572 625
168 855
210 462
769 499
510 613
647 502
228 190
263 489
