948 2535
146 761
612 260
297 54
175 807
150 62
779 650
579 22
431 345
698 566
505 416
679 594
37 915
242 304
797 365
250 653
471 633
803 292
549 213
717 801
95 424
388 499
530 324
839 793
682 928
356 193
468 944
471 69
625 614
630 699
552 172
173 549
768 578
68 620
90 875
552 7
422 47
704 194
410 341
891 737
674 467
306 25
733 564
20 193
722 49
52 338
237 735
254 199
420 939
872 514
467 861
873 802
800 349
387 159
83 736
527 336
837 808
487 265
472 425
290 573
390 191
450 823
269 465
548 535
369 752
710 690
56 743
753 586
59 313
284 911
184 810
331 326
259 485
577 98
262 82
410 737
362 45
3 189
735 913
645 441
154 324
943 196
735 806
403 201
632 796
409 306
635 79
568 4
713 823
112 794
331 565
265 679
462 672
125 124
509 925
661 886
30 913
45 912
372 832
836 941
126 197
18 178
350 871
606 384
815 940
609 722
651 586
763 449
784 714
394 753
658 815
364 268
576 875
647 467
31 916
932 161
181 77
722 668
368 17
719 853
501 667
748 679
105 419
585 342
768 850
682 760
99 902
813 371
500 719
639 863
560 479
708 624
641 307
261 706
482 401
445 27
836 263
474 858
419 833
442 771
579 63
284 916
280 655
299 559
591 119
771 251
870 424
14 382
643 683
899 565
862 796
231 808
531 469
29 106
630 870
186 583
413 817
378 533
767 29
72 109
754 920
756 415
615 530
541 427
567 687
679 936
494 488
816 560
196 563
621 451
494 174
68 789
326 434
763 904
289 683
859 188
40 921
702 769
518 626
246 59
619 130
33 891
416 199
589 433
938 769
464 888
179 296
741 455
615 903
431 390
553 127
889 401
638 239
749 24
572 188
258 52
723 824
279 366
799 375
175 114
585 370
93 389
312 596
774 691
457 683
913 62
364 216
754 135
673 864
588 2
537 619
172 391
619 310
638 22
675 104
507 423
879 926
346 446
54 103
673 589
759 216
561 113
670 699
503 414
948 313
456 174
57 229
740 856
864 59
369 513
372 509
941 817
856 408
252 155
786 882
769 576
274 747
442 633
683 589
753 418
45 450
216 764
270 868
489 712
179 721
698 412
187 880
479 504
119 346
564 453
306 171
452 158
542 404
620 377
30 328
583 466
92 930
919 730
836 461
84 206
461 467
325 804
788 633
170 531
485 719
257 342
776 939
104 579
319 584
346 384
491 866
74 198
220 361
183 279
741 281
279 229
265 604
604 474
123 895
38 677
717 171
101 11
235 604
128 940
823 852
497 707
334 533
614 310
635 159
266 733
946 171
896 892
144 241
415 139
342 267
733 583
630 91
80 478
194 724
230 373
110 568
234 654
758 831
652 675
692 729
218 186
664 742
93 543
629 2
884 318
859 447
764 773
523 580
230 840
249 703
198 490
625 94
901 372
904 690
582 879
142 221
550 238
398 843
843 391
867 525
640 792
546 894
54 649
275 182
870 666
228 801
690 385
32 449
307 658
587 196
22 748
940 825
278 816
192 647
33 627
456 102
215 745
115 171
334 75
464 486
279 734
656 287
108 557
770 661
327 333
184 474
226 406
816 85
32 798
698 556
323 787
577 54
634 193
524 493
265 904
501 340
916 7
21 357
258 889
522 582
895 636
684 301
116 290
578 661
599 9
286 540
105 784
570 682
535 684
633 105
357 617
359 207
641 23
580 113
373 479
714 317
256 162
576 833
910 507
667 58
637 222
711 699
937 650
773 276
386 54
360 133
675 59
513 180
824 276
807 117
275 92
283 613
582 85
701 697
276 751
693 889
297 931
683 201
577 433
244 427
502 434
178 915
770 824
111 837
3 622
557 43
800 661
925 701
529 380
378 58
606 520
560 224
65 841
504 908
11 216
749 362
255 481
350 890
480 623
562 152
488 42
604 291
551 510
500 367
102 581
897 515
918 507
632 27
794 374
869 429
643 432
934 172
736 282
60 748
114 413
355 335
709 447
710 605
380 912
511 549
774 629
172 287
282 190
445 322
250 234
32 937
859 489
811 839
153 510
923 187
13 399
937 765
496 757
210 744
162 570
288 529
293 863
298 743
759 299
777 360
450 562
63 496
391 882
235 88
893 118
808 765
790 486
129 714
39 521
867 676
372 571
691 680
252 670
37 716
213 37
768 233
757 147
171 743
199 285
944 421
598 184
340 152
824 763
119 602
821 632
771 770
706 648
325 238
57 929
593 749
543 191
509 61
564 696
800 102
364 227
719 208
227 303
355 354
359 346
267 741
126 547
653 339
621 457
270 450
78 351
482 425
63 9
891 408
619 255
566 741
150 576
474 200
4 697
560 377
927 351
402 547
442 762
706 363
338 800
461 70
729 186
765 641
256 926
95 926
498 11
776 666
580 384
445 358
670 946
180 790
847 170
564 38
892 800
768 254
382 146
536 74
97 2
333 300
869 458
672 756
716 934
2 458
916 285
739 407
756 604
559 51
687 452
448 30
690 565
365 236
916 825
360 887
115 390
171 488
135 571
251 838
106 114
895 684
493 840
131 912
80 499
701 699
138 671
602 408
50 621
616 809
629 45
259 462
27 58
928 693
826 531
567 700
877 260
643 641
571 364
518 254
756 565
266 890
142 392
881 708
441 496
239 530
226 265
814 819
194 382
13 421
16 471
287 849
471 782
336 820
227 506
742 634
819 158
74 363
735 82
168 886
443 690
137 665
622 474
234 507
588 171
698 42
186 947
483 773
797 294
925 903
620 815
687 838
136 383
729 431
642 891
698 268
203 493
224 289
780 69
939 561
818 642
123 143
123 889
605 181
661 489
644 599
276 28
333 680
836 178
567 889
937 494
919 927
773 112
302 903
926 648
174 365
515 924
309 69
41 434
367 819
367 498
886 877
329 125
920 53
886 366
544 625
671 365
630 757
496 908
45 418
822 250
55 2
517 211
580 483
570 559
804 461
663 5
367 824
173 377
907 681
429 346
196 686
766 93
343 585
181 457
739 614
367 657
636 486
944 104
860 177
513 572
406 629
446 193
141 590
880 616
241 766
661 733
477 672
189 236
504 514
411 389
948 367
415 437
536 617
663 574
866 528
501 546
451 52
373 285
57 768
916 892
117 944
760 780
692 795
26 294
908 787
375 361
669 240
744 868
564 474
714 81
532 930
2 702
933 35
166 672
206 902
353 594
500 42
310 668
165 386
184 586
385 351
578 445
337 70
690 441
377 95
913 448
461 149
443 836
755 7
856 694
265 792
303 816
87 530
197 885
914 503
53 857
939 389
133 326
27 207
854 335
414 8
143 669
59 133
351 798
942 72
178 695
16 176
293 779
537 165
948 403
455 54
916 580
902 46
599 479
747 318
235 31
553 739
540 546
852 937
247 506
947 544
329 39
700 741
232 267
268 134
613 822
299 239
852 143
173 127
709 514
660 172
21 374
332 579
29 576
112 738
269 295
453 416
783 691
652 744
32 181
626 527
238 242
96 647
916 430
742 249
652 132
484 790
947 598
74 534
704 219
615 576
514 491
385 490
507 502
135 77
275 109
647 765
579 558
598 286
529 840
379 33
71 705
463 299
449 83
621 477
421 867
899 872
444 708
545 374
429 280
586 464
787 305
201 457
113 788
613 538
544 511
585 339
14 471
786 84
221 657
519 480
59 225
591 809
151 59
67 763
194 401
140 296
507 858
755 646
846 371
422 284
276 767
715 783
174 582
764 885
910 513
282 601
469 709
915 877
609 477
413 829
376 403
646 853
811 93
707 412
266 1
584 870
471 472
681 204
510 550
62 629
163 616
341 922
297 799
227 519
530 161
255 875
878 874
536 562
57 601
819 815
566 658
710 181
917 784
383 852
114 629
939 153
390 14
747 234
776 638
40 630
597 529
78 301
9 624
194 483
675 595
513 455
234 535
642 229
664 10
224 407
496 652
337 339
725 474
926 142
53 98
163 171
681 471
17 388
128 604
455 302
804 784
516 249
441 47
522 192
542 135
856 767
562 700
765 454
175 763
847 771
153 870
427 726
709 814
319 660
235 38
586 500
620 394
237 542
323 26
741 739
522 639
577 203
547 589
534 272
367 65
689 854
743 31
304 751
695 729
736 279
779 293
419 380
910 626
450 445
532 477
386 515
847 327
462 84
472 521
735 199
331 712
782 855
668 28
946 346
583 915
576 837
479 223
634 153
870 339
247 926
167 600
348 836
875 238
895 596
24 250
111 186
901 233
334 689
173 834
697 517
914 561
381 907
310 580
595 268
392 241
343 530
841 711
399 876
338 110
89 186
841 592
474 395
772 291
459 24
462 744
764 485
69 292
362 580
327 33
596 542
119 340
508 891
834 387
130 750
261 446
100 945
364 748
463 775
907 920
486 748
892 615
716 488
293 265
702 175
738 800
601 792
216 709
52 363
17 319
159 908
225 861
407 845
194 132
619 144
821 916
486 251
787 723
807 90
350 84
417 390
674 781
859 836
627 842
630 714
390 846
683 126
325 811
12 607
829 139
540 789
566 545
399 528
879 111
510 710
239 223
648 906
356 946
431 734
894 407
549 237
933 270
544 775
281 482
329 781
736 347
438 344
477 840
901 43
653 837
804 826
593 154
545 351
712 298
514 738
199 541
536 618
868 391
135 821
641 27
418 747
532 903
57 332
899 264
318 677
599 812
893 644
802 14
398 54
28 156
886 86
375 829
858 265
568 665
842 469
128 400
664 909
494 213
479 478
318 569
504 191
925 795
894 385
771 173
131 778
633 409
818 240
206 381
565 757
424 863
403 357
370 7
469 551
883 264
29 41
506 694
381 805
383 374
349 937
703 686
285 699
876 770
731 729
241 902
420 339
729 250
912 310
307 738
306 422
3 7
287 508
115 321
902 624
69 703
90 596
15 322
257 91
630 783
798 298
157 418
158 560
142 180
509 324
382 210
384 695
774 750
165 190
279 863
249 196
638 483
82 44
626 612
92 451
845 699
53 659
522 884
155 830
523 533
232 155
160 29
783 913
245 830
460 320
517 4
229 653
233 759
72 553
568 686
200 51
493 313
712 189
45 778
410 605
268 738
274 271
847 638
902 511
449 424
580 423
669 551
229 106
856 82
584 119
164 506
586 685
327 88
683 819
724 902
581 27
893 793
782 789
145 37
407 892
164 263
344 900
735 728
833 29
10 637
338 158
927 668
859 378
145 499
149 864
441 18
539 175
703 750
245 130
689 129
249 762
88 654
141 579
237 467
511 692
169 262
281 183
696 585
448 640
305 838
487 90
237 793
398 761
882 206
81 671
761 77
393 702
433 908
654 430
893 244
182 447
537 732
57 631
477 774
388 615
380 823
372 406
17 853
410 759
399 353
754 103
171 571
100 642
303 304
753 165
720 357
519 879
613 689
870 520
357 722
750 832
708 667
303 161
586 472
219 657
612 917
208 24
685 554
835 536
68 426
108 636
288 762
753 380
1 503
223 336
225 145
83 760
102 249
297 75
106 571
340 710
488 327
396 368
310 382
631 851
618 292
937 860
443 881
226 355
733 272
823 89
534 404
717 588
512 328
906 775
412 374
892 899
37 79
20 454
815 817
193 692
272 576
553 481
43 892
688 631
37 927
828 172
349 869
283 852
639 679
472 113
703 438
714 406
807 9
113 466
794 815
157 265
141 880
610 576
368 224
313 430
831 642
687 430
600 821
296 482
539 910
520 844
674 119
714 14
304 506
623 158
798 379
746 72
381 574
458 944
331 437
388 603
388 144
600 344
90 400
56 418
359 475
513 464
415 144
19 261
496 699
114 838
541 152
218 50
92 210
883 658
275 41
424 941
336 831
248 764
10 205
174 722
196 144
713 266
915 578
128 144
57 225
82 884
138 105
343 862
416 757
787 646
862 675
166 28
386 286
426 300
390 131
709 729
104 339
324 643
153 426
119 350
341 832
305 295
141 238
54 561
932 644
860 937
850 432
830 263
284 416
654 404
19 488
480 117
942 147
212 578
398 91
628 380
867 317
264 710
245 684
141 545
108 207
42 327
209 318
373 221
560 52
676 364
795 700
800 931
462 470
929 633
514 649
253 467
606 884
19 58
936 128
20 679
920 687
263 368
601 417
396 253
569 725
936 815
446 213
824 58
609 581
2 230
443 939
408 247
9 850
375 198
599 429
725 460
1 437
311 549
794 250
635 505
68 507
46 808
218 190
22 476
278 842
317 229
732 708
718 452
649 41
601 685
712 242
826 358
517 98
390 617
463 144
855 209
628 683
440 4
796 539
595 359
325 359
615 545
407 124
527 480
839 338
34 106
181 233
625 856
481 509
545 129
621 587
163 547
347 270
243 465
445 64
530 230
769 842
184 470
661 844
702 361
155 736
227 943
356 167
926 410
896 660
309 444
292 686
685 358
154 651
714 893
611 642
230 651
191 915
106 909
860 528
427 239
691 353
233 89
413 432
436 538
405 560
578 863
813 228
672 603
302 301
810 861
45 629
245 280
905 935
891 160
677 549
804 179
381 275
661 193
20 63
41 681
170 441
651 288
946 518
176 469
530 329
915 842
627 468
223 481
924 900
416 856
310 563
95 827
315 241
522 564
411 872
48 622
12 636
197 253
937 416
438 290
386 787
791 319
865 478
375 456
54 370
112 213
332 880
479 446
63 224
410 505
525 600
697 158
329 513
551 346
334 508
189 586
560 418
853 649
286 945
473 866
97 879
424 613
411 865
118 30
174 885
874 154
729 194
125 847
842 380
753 708
35 33
174 563
46 793
471 835
717 28
79 937
297 946
444 378
484 897
217 778
314 575
143 54
549 55
909 817
605 567
883 909
333 914
390 805
725 339
544 447
514 408
418 549
18 94
113 773
374 758
752 381
17 465
883 143
106 131
223 551
740 613
192 590
337 813
486 693
877 113
385 103
96 585
836 832
683 386
43 99
68 121
253 35
515 103
458 227
591 698
560 294
154 149
285 670
881 414
37 45
664 143
352 721
38 850
263 433
47 388
269 511
676 606
735 811
153 452
474 936
838 607
177 897
325 568
181 516
477 88
318 537
686 770
927 764
89 413
293 837
94 565
296 193
699 44
723 145
227 148
431 189
342 167
849 820
18 882
37 214
778 767
725 153
625 443
103 687
254 553
129 475
293 498
190 305
429 264
90 560
881 241
647 341
79 504
27 750
72 106
681 170
22 875
937 48
244 518
299 181
732 389
71 686
252 588
404 408
764 208
906 435
158 139
827 37
406 127
943 763
72 589
913 873
826 288
420 399
691 815
445 385
193 531
50 371
358 312
594 10
725 852
562 662
502 792
466 921
18 868
312 335
801 659
373 80
362 451
383 614
20 922
689 61
563 612
305 308
737 297
900 35
776 422
408 11
468 560
875 16
311 625
258 533
703 112
7 295
119 546
10 82
428 325
772 204
490 827
281 605
156 753
72 748
771 52
377 340
799 40
347 768
497 517
82 409
641 425
174 132
56 185
700 866
799 437
95 888
650 314
348 767
70 558
20 22
168 119
421 363
668 650
232 543
896 464
344 653
482 433
392 356
90 65
698 666
883 666
499 814
387 776
529 313
729 468
221 709
649 864
742 370
7 687
58 287
648 209
739 850
640 768
650 635
411 934
282 561
731 861
805 254
862 501
580 690
855 194
290 237
539 773
409 150
195 271
27 454
643 286
72 839
554 790
828 217
867 293
172 815
804 788
713 194
930 584
842 422
398 519
789 157
277 771
740 908
466 850
924 120
71 610
498 323
329 900
229 809
730 99
189 597
75 282
166 376
313 788
116 488
696 617
625 674
87 497
61 255
689 574
764 501
654 332
179 876
480 311
328 630
112 313
840 605
63 503
537 796
711 175
215 202
696 252
805 294
432 93
111 917
649 778
856 909
380 611
583 444
213 378
473 451
328 773
195 259
834 531
48 388
447 212
148 893
741 6
521 30
708 692
658 417
878 380
74 101
935 629
167 719
204 859
478 908
244 450
855 532
771 166
4 885
116 335
392 602
210 321
263 201
712 590
251 90
94 73
386 331
552 211
558 13
155 813
856 120
694 477
734 121
594 362
596 378
634 53
780 321
854 728
691 166
570 899
197 812
181 733
619 620
333 220
150 498
634 593
946 58
624 781
606 397
418 487
664 499
280 508
779 648
563 785
626 624
885 735
809 62
849 716
502 832
680 354
569 353
881 663
828 665
908 591
360 130
160 495
473 792
505 288
371 408
555 520
812 799
300 868
891 203
726 829
121 609
474 915
192 404
28 349
598 812
252 374
826 709
222 159
763 415
33 513
641 322
147 883
938 337
603 476
940 263
254 462
542 87
305 930
363 422
790 614
58 39
233 384
204 518
154 808
852 327
649 744
700 760
320 469
637 680
269 292
568 688
589 80
493 187
78 58
652 762
486 922
142 840
861 230
733 721
367 24
56 670
936 650
821 719
183 576
15 179
745 486
635 898
74 612
284 789
380 787
584 925
626 895
698 336
813 182
814 188
134 649
766 110
640 473
604 906
143 62
358 470
813 945
289 421
172 542
49 524
743 448
196 223
929 399
353 928
454 5
205 23
388 70
814 485
744 609
799 627
878 443
880 566
772 919
720 352
497 217
574 485
481 42
924 39
854 842
391 72
504 298
250 786
769 152
475 251
902 348
720 532
820 765
125 119
277 359
5 34
869 101
780 66
411 186
811 782
576 818
794 543
526 416
712 188
416 926
920 937
920 542
506 698
102 619
640 621
109 604
354 859
352 304
8 690
215 247
68 97
751 617
365 439
166 765
699 103
298 39
279 305
70 345
878 527
404 869
120 41
913 553
91 533
862 3
612 783
463 513
709 372
933 380
535 621
250 474
530 907
894 617
936 756
388 599
387 745
192 549
243 309
1 144
274 55
735 582
8 676
885 373
522 785
137 879
430 7
288 103
362 914
572 308
865 294
192 136
598 95
637 221
53 917
720 228
663 92
231 126
413 375
676 217
309 912
90 128
349 495
778 936
732 848
225 856
218 366
855 65
214 331
469 935
590 150
154 468
391 481
748 396
252 335
494 467
42 942
728 191
529 334
527 207
72 409
241 73
187 590
352 436
833 397
796 252
914 472
174 237
565 643
175 540
414 241
803 937
20 8
39 220
363 100
688 210
89 657
627 487
166 575
404 286
902 574
101 313
859 709
93 645
683 486
596 55
670 224
410 673
219 26
768 146
547 378
583 29
864 470
937 480
759 433
137 898
924 343
839 659
168 7
195 376
312 510
261 434
833 81
701 597
449 485
910 666
403 476
274 798
335 758
709 394
711 410
16 233
437 2
829 715
422 99
561 298
321 647
379 744
205 364
478 495
673 698
602 931
363 342
825 26
335 590
856 896
488 762
234 808
473 496
93 402
479 627
228 817
579 747
712 681
786 669
490 187
574 653
667 899
302 907
547 249
184 347
3 523
406 750
189 214
410 94
481 573
888 862
633 395
62 303
690 601
799 361
181 381
539 536
331 833
478 752
445 696
228 373
818 776
485 610
133 876
52 59
422 563
114 131
585 13
484 17
267 54
325 622
170 702
493 221
594 626
541 378
449 351
599 420
243 451
363 324
291 675
899 503
223 846
925 499
914 212
279 820
451 937
255 948
147 564
872 782
397 814
788 200
494 102
556 37
526 757
48 276
357 278
252 44
252 729
75 128
521 475
920 605
9 143
670 180
808 635
380 771
219 720
443 613
895 486
754 76
755 477
921 658
793 325
252 353
418 258
496 376
546 912
194 294
340 441
931 758
803 653
325 97
221 458
382 515
13 819
251 612
311 249
7 175
745 180
86 620
123 722
125 202
944 107
71 146
337 525
929 833
349 328
77 579
923 210
871 199
368 559
828 666
562 628
64 631
624 773
53 160
111 350
519 557
405 808
298 402
562 16
712 50
767 217
470 459
864 296
520 612
61 145
18 190
468 728
66 194
645 614
320 479
876 137
796 654
771 15
193 316
520 773
6 390
210 152
943 789
512 722
548 717
349 110
716 351
349 440
909 873
353 608
488 708
527 763
830 178
143 88
1 281
610 681
4 335
45 613
501 488
137 215
429 401
198 440
788 552
681 101
3 923
758 117
43 685
9 346
284 325
673 760
104 429
222 364
643 33
916 574
195 889
745 286
617 343
825 73
287 775
577 99
341 247
875 1
759 449
542 723
501 44
687 99
94 352
629 898
462 114
871 295
33 69
342 457
897 444
718 750
645 129
888 800
632 469
104 110
358 201
717 767
394 811
61 75
315 880
501 585
285 856
621 147
714 823
804 66
697 579
437 653
938 98
594 439
260 394
926 247
280 258
524 651
190 862
781 52
527 69
937 187
441 318
908 620
119 891
413 757
383 216
652 182
256 910
918 209
150 335
120 36
390 163
66 160
486 247
714 129
399 147
311 838
700 492
591 623
812 392
687 667
945 467
594 530
214 150
623 501
772 558
208 470
46 750
929 490
858 560
859 873
725 664
845 417
810 670
318 750
323 737
822 14
455 709
175 29
650 102
251 394
88 782
893 364
320 247
475 200
865 157
59 322
687 332
799 390
947 435
253 904
876 704
823 284
735 430
15 804
219 905
536 724
32 947
144 712
879 211
351 514
197 378
269 320
401 72
935 64
166 200
684 507
522 490
265 745
86 549
638 523
911 778
535 730
152 11
617 268
285 497
273 860
237 35
166 895
889 685
547 787
914 885
9 827
689 165
718 717
572 744
743 767
728 300
53 595
239 603
206 272
154 672
253 779
696 313
54 836
166 429
792 844
390 314
856 63
857 874
622 554
863 562
702 9
530 134
513 326
747 22
109 296
861 163
240 421
558 893
173 161
232 867
33 886
51 595
565 384
487 449
190 10
69 859
392 746
367 268
869 5
816 548
395 73
859 454
435 888
719 519
372 293
428 604
712 922
643 355
96 331
734 812
642 678
674 68
117 822
564 830
468 576
622 730
842 660
845 819
343 192
337 401
210 929
618 511
593 101
842 743
334 487
899 234
722 666
196 534
125 451
109 667
476 761
741 68
745 660
411 437
140 77
363 329
255 335
784 128
634 497
262 726
526 515
56 532
164 285
57 317
39 384
924 669
732 596
114 799
243 343
150 673
63 421
908 726
853 947
603 503
325 191
589 621
595 228
858 638
893 770
704 119
816 747
182 817
113 500
630 400
137 177
411 830
491 175
32 457
801 573
567 646
719 507
333 482
100 776
48 201
85 513
675 436
513 305
471 201
461 318
500 178
491 266
734 346
921 702
846 478
529 696
841 171
883 941
613 322
357 197
123 692
702 622
439 264
187 134
922 866
499 408
582 7
555 113
322 706
342 427
329 531
457 121
313 151
205 278
524 142
672 15
39 241
327 775
932 878
754 391
276 71
173 563
525 564
504 410
587 864
70 409
590 85
520 380
405 519
941 10
891 470
429 875
