850 1120
509 359
758 675
86 249
378 404
360 588
263 268
550 1
544 658
781 549
351 602
314 362
8 168
784 346
566 381
186 319
520 90
427 134
297 71
162 208
329 155
149 27
12 800
341 98
184 591
691 562
630 667
475 330
210 563
300 254
199 558
323 250
388 692
478 391
376 682
849 496
396 21
469 695
372 23
378 110
642 755
587 523
829 82
168 622
580 334
351 410
728 216
698 612
489 255
750 52
262 209
647 40
750 189
490 485
135 565
719 535
534 449
133 363
574 835
666 480
772 324
227 267
711 178
350 87
424 168
52 678
598 194
29 526
347 575
211 778
500 36
295 232
382 496
24 297
154 111
620 481
735 498
845 527
225 654
79 726
815 97
188 578
724 455
741 757
682 837
547 157
259 605
373 583
594 372
381 529
374 185
84 76
303 247
272 62
315 428
590 248
623 138
488 244
787 760
538 814
12 657
53 664
139 117
268 765
301 52
835 5
227 699
550 283
193 802
672 224
133 42
126 64
848 255
476 50
679 172
596 290
143 693
720 642
343 98
179 802
352 549
591 330
475 703
592 302
219 258
364 395
667 418
400 778
669 743
226 547
527 258
590 568
55 809
678 68
557 156
558 218
204 619
188 96
446 563
237 180
3 357
714 803
214 350
275 509
528 495
147 412
127 363
358 828
222 119
55 194
67 168
766 668
562 29
315 113
504 143
53 560
24 214
839 252
151 443
175 174
34 561
436 502
463 460
376 121
325 100
462 234
629 154
412 798
649 573
522 38
750 204
728 259
337 266
91 202
694 167
622 445
626 553
778 698
844 189
773 618
95 446
471 568
34 292
847 27
208 203
727 293
73 58
850 635
410 182
618 755
775 455
760 153
139 343
389 783
434 424
78 521
254 600
425 591
625 41
522 453
744 819
617 416
2 102
215 752
276 63
632 229
547 635
173 6
746 545
228 524
610 825
302 46
651 248
835 186
678 559
657 785
808 111
126 368
514 231
223 779
180 844
540 714
437 705
342 774
588 537
70 768
324 603
122 648
157 519
519 479
144 293
624 824
464 182
554 223
455 128
720 458
565 374
157 745
241 352
327 167
79 289
383 182
367 349
664 173
674 773
489 469
325 777
668 31
199 138
671 242
339 337
101 493
599 610
790 558
848 346
466 63
215 432
464 624
705 544
602 527
253 665
229 836
796 145
41 577
142 837
6 38
45 686
762 64
467 625
405 610
607 177
544 89
528 719
94 767
762 768
343 731
817 848
205 607
130 369
845 267
472 531
499 310
843 414
447 617
821 534
201 693
773 812
844 204
232 437
325 558
102 626
354 684
476 76
792 373
243 533
482 359
744 547
823 411
833 812
758 780
238 350
626 720
713 559
72 565
551 702
559 202
846 230
800 235
498 774
281 558
435 759
179 149
171 204
503 455
475 359
483 705
396 321
781 441
174 473
40 522
592 215
486 574
384 107
822 82
795 703
74 608
209 784
841 503
291 357
554 694
93 402
17 220
33 535
410 605
18 91
198 105
826 343
351 696
503 666
144 532
823 102
420 810
590 337
643 385
613 261
171 711
825 357
152 443
81 107
745 457
843 438
374 304
804 77
245 797
764 161
196 123
320 575
739 477
26 679
575 547
506 211
64 391
310 597
454 759
9 826
795 695
52 386
847 820
494 580
563 209
396 767
124 387
584 154
479 844
642 13
513 358
98 408
832 732
39 791
49 89
35 759
120 254
731 26
614 374
472 805
782 369
82 465
585 55
830 307
397 573
659 342
734 307
659 124
740 383
231 427
548 107
87 633
317 604
701 15
374 535
634 244
641 613
846 473
300 76
472 645
759 375
330 473
432 434
748 389
66 448
513 776
404 668
223 119
230 557
405 555
151 710
470 138
696 333
327 98
796 270
256 394
715 720
351 104
307 435
51 477
560 745
234 464
213 23
829 10
183 663
720 407
674 298
89 603
463 135
197 352
797 601
585 56
408 768
792 42
455 623
191 316
838 835
473 432
421 671
315 679
11 291
529 45
790 709
836 112
145 130
82 797
336 53
3 307
481 298
601 373
570 205
682 515
387 539
611 334
163 664
759 388
845 492
751 365
200 653
342 781
839 422
692 158
205 240
686 232
327 510
552 423
568 694
575 840
340 271
320 449
803 207
805 106
606 768
274 25
89 767
372 53
228 786
660 703
208 200
523 379
163 798
780 562
829 556
767 472
324 758
251 15
164 245
551 311
189 528
614 142
192 801
418 176
363 465
220 817
131 758
59 247
311 284
69 492
354 642
44 198
585 572
559 609
507 272
328 701
46 96
412 224
717 639
464 45
40 719
731 281
495 188
606 737
136 240
817 17
660 14
706 818
679 268
528 62
175 565
809 207
420 823
52 619
330 773
843 160
613 313
316 175
632 274
782 608
704 287
844 624
70 335
135 603
645 744
408 820
795 160
367 621
560 10
395 137
648 142
195 768
545 528
45 815
575 134
800 39
527 619
443 177
177 820
291 262
257 490
168 781
540 486
111 823
428 738
532 588
13 290
391 207
310 420
258 639
283 175
108 711
611 116
734 104
65 722
254 298
406 71
420 696
141 510
172 561
753 731
401 695
789 185
520 504
711 505
203 715
601 413
660 166
341 33
772 292
715 355
681 407
815 843
806 98
677 634
566 353
266 599
19 149
74 319
831 518
363 537
436 665
769 537
151 145
786 367
97 432
266 115
486 512
69 155
488 372
58 575
408 142
657 536
775 624
360 92
417 797
480 814
323 475
789 659
744 377
218 536
567 670
144 848
415 232
801 85
427 169
633 431
80 317
313 172
518 670
247 372
60 289
356 515
747 117
612 661
478 345
695 184
135 247
387 170
288 444
298 172
414 783
525 56
396 512
624 777
349 671
833 625
623 700
298 85
306 422
663 256
808 47
365 254
357 849
797 164
810 156
358 581
391 489
510 539
540 402
680 771
621 87
145 555
622 848
321 240
552 268
847 212
781 624
365 229
137 586
503 5
59 107
608 638
74 196
850 343
140 20
772 340
69 624
511 361
248 677
161 68
799 433
679 211
516 364
80 693
159 613
631 699
222 687
397 363
55 216
781 849
111 763
635 673
571 91
764 432
426 51
443 594
432 244
752 93
335 31
288 657
731 296
542 266
644 153
565 752
471 475
91 73
104 661
626 682
71 404
818 781
109 781
174 549
147 93
726 539
49 633
573 21
101 600
462 840
640 465
537 397
294 313
610 780
467 182
318 638
834 207
284 359
766 679
526 54
594 192
356 508
3 758
708 328
336 329
374 844
195 637
241 734
344 547
344 840
172 253
118 668
229 508
193 431
524 86
304 106
54 374
6 124
150 272
688 545
550 555
133 431
150 550
450 399
829 132
367 798
681 378
506 751
748 84
21 128
259 64
154 163
653 196
751 277
546 733
713 508
239 225
132 749
429 572
334 282
590 814
187 619
454 14
174 619
301 358
310 697
45 258
747 94
593 682
283 402
633 371
331 707
275 261
710 117
519 30
545 768
96 131
86 138
557 469
789 357
1 162
671 6
527 248
770 380
191 338
80 644
739 544
200 630
138 333
750 782
405 642
436 139
357 653
412 162
602 782
513 134
776 690
773 288
535 699
159 798
627 498
17 636
847 130
414 487
231 806
732 201
369 543
123 119
147 815
606 401
432 832
505 252
85 83
284 266
46 212
717 671
346 644
464 177
665 848
294 842
649 303
513 90
359 733
787 45
191 208
414 840
118 389
105 137
474 255
812 434
765 7
383 680
413 651
805 322
706 356
337 708
288 316
239 364
378 280
738 541
225 3
345 542
833 153
682 670
660 792
67 708
664 347
276 545
431 710
311 354
228 237
691 642
85 580
326 625
636 12
128 247
556 552
797 569
730 661
320 724
553 2
411 655
3 573
182 80
718 717
415 81
376 248
520 211
612 566
740 597
829 825
212 120
792 356
337 425
507 610
16 42
751 376
631 183
258 531
573 712
710 422
757 353
428 652
527 384
604 355
659 581
285 216
766 126
382 210
464 781
425 25
345 252
295 713
321 405
52 524
169 481
484 211
593 202
56 570
687 234
121 39
466 688
774 633
733 535
653 754
111 83
405 556
445 623
258 635
535 754
821 659
709 174
722 758
576 661
533 577
679 440
677 77
98 119
507 807
229 820
110 79
557 381
749 520
166 182
738 299
85 71
487 742
505 381
190 673
442 815
475 24
747 412
33 411
229 402
600 602
52 523
370 199
55 419
683 321
492 94
105 837
560 248
378 432
492 566
144 106
818 247
206 283
450 614
260 573
224 536
43 355
551 665
643 584
459 631
599 814
531 281
576 613
228 86
32 600
828 410
15 336
439 630
381 400
19 328
352 288
29 626
369 271
164 357
281 793
36 195
463 792
707 765
539 137
598 117
394 350
20 266
320 569
409 224
269 545
843 250
590 47
278 520
753 172
431 105
679 715
204 343
160 317
512 481
217 395
788 537
44 827
151 241
466 635
328 298
794 508
130 695
676 538
76 112
211 693
493 709
584 709
342 256
210 628
280 563
304 265
186 822
192 807
339 850
102 419
275 303
201 286
602 138
521 69
250 243
346 844
558 290
849 850
81 792
27 443
326 829
594 96
833 830
82 658
37 621
509 726
569 802
123 241
341 810
32 743
633 570
337 738
691 645
235 492
352 514
762 249
16 396
488 686
551 40
825 819
90 636
656 553
386 534
826 775
756 742
843 847
350 57
428 585
237 285
24 194
710 615
49 649
123 834
167 236
383 179
334 313
623 384
720 791
714 50
784 609
540 813
240 224
241 246
29 547
192 835
620 522
594 705
99 591
432 400
494 575
355 534
812 283
575 741
105 425
676 208
257 82
115 591
842 629
362 430
728 564
832 724
587 271
94 774
96 829
170 557
207 314
97 543
679 33
361 141
581 68
200 269
423 810
398 196
381 788
224 562
667 551
246 553
103 662
560 693
17 724
844 567
641 166
634 844
534 437
320 833
400 806
502 407
478 700
531 144
232 773
199 6
78 824
494 710
76 626
465 54
387 115
727 442
314 618
106 288
269 671
